2005-03-07T00:00:29.451, 144573179.962395, -34080129.373413,    165411.444321,    250915.213199,    707473.179460,    165479.160713,         1.405992,         3.628661,         0.860162,    762303.000000,       -34.300000,        81.900000,         3.985460,         0.943923,        -0.329434,        -0.021967,         0.050724,         0.210437,        -0.976291,         0.326246,         0.920429,         0.215347
2005-03-07T00:03:09.451, 144574600.976816, -34074896.416150,    165549.037957,    251140.169210,    708053.756280,    165616.784650,         1.405958,         3.628550,         0.860137,    762940.000000,       -34.300000,        81.300000,         3.985340,         0.943916,        -0.329454,        -0.021979,         0.050717,         0.210441,        -0.976290,         0.326268,         0.920421,         0.215347
2005-03-07T00:05:49.451, 144576021.835481, -34069663.439657,    165686.627631,    251365.119799,    708634.315395,    165754.404541,         1.405924,         3.628439,         0.860112,    763578.000000,       -34.300000,        80.600000,         3.985220,         0.943908,        -0.329474,        -0.021991,         0.050711,         0.210444,        -0.976290,         0.326290,         0.920413,         0.215348
2005-03-07T00:08:29.451, 144577442.538399, -34064430.443916,    165824.213352,    251590.064977,    709214.856829,    165892.020393,         1.405890,         3.628329,         0.860086,    764215.000000,       -34.300000,        79.900000,         3.985100,         0.943901,        -0.329494,        -0.022003,         0.050704,         0.210447,        -0.976289,         0.326312,         0.920405,         0.215348
2005-03-07T00:11:09.451, 144578863.085579, -34059197.428903,    165961.795124,    251815.004755,    709795.380609,    166029.632213,         1.405857,         3.628219,         0.860061,    764852.000000,       -34.300000,        79.200000,         3.984990,         0.943894,        -0.329514,        -0.022015,         0.050698,         0.210451,        -0.976289,         0.326334,         0.920397,         0.215349
2005-03-07T00:13:49.451, 144580283.477029, -34053964.394597,    166099.372954,    252039.939141,    710375.886762,    166167.240005,         1.405823,         3.628108,         0.860036,    765490.000000,       -34.300000,        78.600000,         3.984870,         0.943887,        -0.329534,        -0.022027,         0.050692,         0.210454,        -0.976289,         0.326356,         0.920389,         0.215349
2005-03-07T00:16:29.451, 144581703.712759, -34048731.340977,    166236.946848,    252264.868147,    710956.375314,    166304.843777,         1.405789,         3.627998,         0.860011,    766127.000000,       -34.300000,        77.900000,         3.984750,         0.943880,        -0.329554,        -0.022039,         0.050685,         0.210457,        -0.976288,         0.326378,         0.920382,         0.215350
2005-03-07T00:19:09.451, 144583123.792776, -34043498.268023,    166374.516812,    252489.791782,    711536.846290,    166442.443535,         1.405756,         3.627889,         0.859986,    766764.000000,       -34.300000,        77.200000,         3.984630,         0.943872,        -0.329573,        -0.022051,         0.050679,         0.210461,        -0.976288,         0.326399,         0.920374,         0.215350
2005-03-07T00:21:49.451, 144584543.717089, -34038265.175713,    166512.082853,    252714.710056,    712117.299718,    166580.039284,         1.405722,         3.627779,         0.859961,    767402.000000,       -34.300000,        76.600000,         3.984520,         0.943865,        -0.329593,        -0.022063,         0.050672,         0.210464,        -0.976287,         0.326421,         0.920366,         0.215351
2005-03-07T00:24:29.451, 144585963.485706, -34033032.064028,    166649.644976,    252939.622980,    712697.735622,    166717.631031,         1.405689,         3.627670,         0.859936,    768039.000000,       -34.300000,        75.900000,         3.984400,         0.943858,        -0.329613,        -0.022075,         0.050666,         0.210467,        -0.976287,         0.326443,         0.920358,         0.215351
2005-03-07T00:27:09.451, 144587383.098638, -34027798.932945,    166787.203188,    253164.530562,    713278.154029,    166855.218781,         1.405656,         3.627560,         0.859911,    768676.000000,       -34.300000,        75.200000,         3.984280,         0.943851,        -0.329632,        -0.022087,         0.050660,         0.210471,        -0.976287,         0.326464,         0.920350,         0.215352
2005-03-07T00:29:49.451, 144588802.555891, -34022565.782444,    166924.757494,    253389.432814,    713858.554965,    166992.802542,         1.405622,         3.627451,         0.859886,    769313.000000,       -34.300000,        74.600000,         3.984170,         0.943844,        -0.329652,        -0.022099,         0.050653,         0.210474,        -0.976286,         0.326486,         0.920342,         0.215352
2005-03-07T00:32:29.451, 144590221.857475, -34017332.612504,    167062.307901,    253614.329745,    714438.938455,    167130.382319,         1.405589,         3.627342,         0.859861,    769951.000000,       -34.300000,        73.900000,         3.984050,         0.943837,        -0.329672,        -0.022110,         0.050647,         0.210477,        -0.976286,         0.326508,         0.920335,         0.215353
2005-03-07T00:35:09.451, 144591641.003397, -34012099.423104,    167199.854414,    253839.221365,    715019.304526,    167267.958117,         1.405556,         3.627234,         0.859836,    770588.000000,       -34.300000,        73.200000,         3.983930,         0.943830,        -0.329691,        -0.022122,         0.050640,         0.210481,        -0.976286,         0.326529,         0.920327,         0.215353
2005-03-07T00:37:49.451, 144593059.993668, -34006866.214225,    167337.397041,    254064.107685,    715599.653202,    167405.529944,         1.405523,         3.627125,         0.859812,    771225.000000,       -34.300000,        72.500000,         3.983820,         0.943823,        -0.329711,        -0.022134,         0.050634,         0.210484,        -0.976285,         0.326551,         0.920319,         0.215354
2005-03-07T00:40:29.451, 144594478.828293, -34001632.985846,    167474.935785,    254288.988712,    716179.984510,    167543.097805,         1.405490,         3.627016,         0.859787,    771862.000000,       -34.300000,        71.900000,         3.983700,         0.943815,        -0.329730,        -0.022146,         0.050627,         0.210487,        -0.976285,         0.326572,         0.920311,         0.215354
2005-03-07T00:43:09.451, 144595897.507284, -33996399.737946,    167612.470655,    254513.864459,    716760.298474,    167680.661706,         1.405457,         3.626908,         0.859762,    772499.000000,       -34.300000,        71.200000,         3.983590,         0.943808,        -0.329750,        -0.022158,         0.050621,         0.210490,        -0.976284,         0.326594,         0.920304,         0.215355
2005-03-07T00:45:49.451, 144597316.030646, -33991166.470504,    167750.001655,    254738.734934,    717340.595122,    167818.221652,         1.405424,         3.626800,         0.859737,    773136.000000,       -34.300000,        70.500000,         3.983470,         0.943801,        -0.329769,        -0.022170,         0.050615,         0.210494,        -0.976284,         0.326615,         0.920296,         0.215355
2005-03-07T00:48:29.451, 144598734.398390, -33985933.183500,    167887.528792,    254963.600147,    717920.874477,    167955.777651,         1.405391,         3.626692,         0.859713,    773774.000000,       -34.300000,        69.900000,         3.983360,         0.943794,        -0.329788,        -0.022182,         0.050608,         0.210497,        -0.976284,         0.326636,         0.920288,         0.215356
2005-03-07T00:51:09.451, 144600152.610524, -33980699.876915,    168025.052072,    255188.460108,    718501.136565,    168093.329708,         1.405358,         3.626584,         0.859688,    774411.000000,       -34.300000,        69.200000,         3.983240,         0.943787,        -0.329808,        -0.022194,         0.050602,         0.210500,        -0.976283,         0.326658,         0.920281,         0.215356
2005-03-07T00:53:49.451, 144601570.667055, -33975466.550729,    168162.571500,    255413.314826,    719081.381412,    168230.877829,         1.405326,         3.626476,         0.859663,    775048.000000,       -34.300000,        68.500000,         3.983130,         0.943780,        -0.329827,        -0.022205,         0.050596,         0.210504,        -0.976283,         0.326679,         0.920273,         0.215357
2005-03-07T01:38:05.453, 144625087.691383, -33888590.421870,    170444.837539,    259145.147495,    728710.953469,    170513.607806,         1.404791,         3.624712,         0.859261,    785620.000000,       -34.300000,        57.400000,         3.981240,         0.943665,        -0.330143,        -0.022401,         0.050489,         0.210558,        -0.976277,         0.327028,         0.920147,         0.215365
2005-03-07T01:38:37.453, 144625370.767674, -33887543.688583,    170472.328358,    259190.100706,    728826.943906,    170541.104073,         1.404785,         3.624691,         0.859256,    785748.000000,       -34.300000,        57.300000,         3.981220,         0.943664,        -0.330147,        -0.022403,         0.050488,         0.210559,        -0.976277,         0.327032,         0.920146,         0.215365
2005-03-07T01:42:21.453, 144627352.127598, -33880216.533222,    170664.759895,    259504.767504,    729638.858158,    170733.573647,         1.404740,         3.624544,         0.859222,    786639.000000,       -34.300000,        56.300000,         3.981060,         0.943654,        -0.330173,        -0.022420,         0.050479,         0.210564,        -0.976276,         0.327061,         0.920135,         0.215366
2005-03-07T01:42:53.453, 144627635.154144, -33879169.793546,    170692.249516,    259549.719093,    729754.843224,    170761.068689,         1.404734,         3.624523,         0.859218,    786766.000000,       -34.300000,        56.200000,         3.981040,         0.943653,        -0.330177,        -0.022422,         0.050478,         0.210564,        -0.976276,         0.327065,         0.920134,         0.215366
2005-03-07T01:46:37.453, 144629616.165869, -33871842.593431,    170884.672675,    259864.374560,    730566.719920,    170953.529697,         1.404690,         3.624376,         0.859184,    787658.000000,       -34.300000,        55.300000,         3.980890,         0.943643,        -0.330203,        -0.022439,         0.050468,         0.210569,        -0.976275,         0.327094,         0.920123,         0.215367
2005-03-07T01:47:09.453, 144629899.142674, -33870795.847358,    170912.161100,    259909.324533,    730682.699627,    170981.023515,         1.404684,         3.624355,         0.859179,    787785.000000,       -34.300000,        55.100000,         3.980860,         0.943642,        -0.330207,        -0.022441,         0.050467,         0.210570,        -0.976275,         0.327098,         0.920122,         0.215367
2005-03-07T01:50:53.453, 144631879.806229, -33863468.602422,    171104.575902,    260223.968702,    731494.538853,    171173.475976,         1.404639,         3.624209,         0.859146,    788677.000000,       -34.300000,        54.200000,         3.980710,         0.943632,        -0.330233,        -0.022457,         0.050458,         0.210574,        -0.976275,         0.327127,         0.920111,         0.215368
2005-03-07T01:51:25.453, 144632162.733298, -33862421.849941,    171132.063135,    260268.917063,    731610.513214,    171200.968576,         1.404633,         3.624188,         0.859141,    788804.000000,       -34.300000,        54.100000,         3.980690,         0.943631,        -0.330236,        -0.022460,         0.050457,         0.210575,        -0.976275,         0.327131,         0.920110,         0.215368
2005-03-07T01:55:09.453, 144634143.048710, -33855094.560118,    171324.469600,    260583.549967,    732422.315056,    171393.412510,         1.404589,         3.624042,         0.859108,    789695.000000,       -34.300000,        53.100000,         3.980530,         0.943622,        -0.330262,        -0.022476,         0.050448,         0.210579,        -0.976274,         0.327160,         0.920099,         0.215368
2005-03-07T01:55:41.453, 144634425.926046, -33854047.801219,    171351.955643,    260628.496722,    732538.284082,    171420.903892,         1.404583,         3.624022,         0.859103,    789823.000000,       -34.300000,        53.000000,         3.980510,         0.943620,        -0.330266,        -0.022478,         0.050447,         0.210580,        -0.976274,         0.327164,         0.920098,         0.215369
2005-03-07T01:59:25.453, 144636405.893345, -33846720.466439,    171544.353790,    260943.118394,    733350.048626,    171613.339320,         1.404539,         3.623876,         0.859070,    790714.000000,       -34.300000,        52.000000,         3.980350,         0.943611,        -0.330292,        -0.022495,         0.050438,         0.210585,        -0.976274,         0.327192,         0.920088,         0.215369
2005-03-07T01:59:57.453, 144636688.720952, -33845673.701114,    171571.838647,    260988.063546,    733466.012330,    171640.829489,         1.404533,         3.623855,         0.859065,    790841.000000,       -34.300000,        51.900000,         3.980330,         0.943609,        -0.330296,        -0.022497,         0.050436,         0.210585,        -0.976274,         0.327197,         0.920086,         0.215369
2005-03-07T02:03:41.453, 144638668.340164, -33838346.321313,    171764.228496,    261302.674019,    734277.739660,    171833.256430,         1.404489,         3.623710,         0.859032,    791732.000000,       -34.300000,        51.000000,         3.980180,         0.943600,        -0.330322,        -0.022513,         0.050427,         0.210590,        -0.976273,         0.327225,         0.920076,         0.215370
2005-03-07T02:04:13.453, 144638951.118047, -33837299.549551,    171791.712169,    261347.617574,    734393.698054,    171860.745387,         1.404483,         3.623689,         0.859028,    791860.000000,       -34.300000,        50.800000,         3.980150,         0.943599,        -0.330325,        -0.022516,         0.050426,         0.210591,        -0.976273,         0.327229,         0.920074,         0.215370
2005-03-07T02:07:57.453, 144640930.389200, -33829972.124661,    171984.093741,    261662.216881,    735205.388255,    172053.163861,         1.404439,         3.623545,         0.858995,    792751.000000,       -34.300000,        49.900000,         3.980000,         0.943589,        -0.330351,        -0.022532,         0.050417,         0.210595,        -0.976272,         0.327258,         0.920064,         0.215371
2005-03-07T02:08:29.453, 144641213.117362, -33828925.346453,    172011.576233,    261707.158843,    735321.341351,    172080.651611,         1.404433,         3.623524,         0.858990,    792878.000000,       -34.300000,        49.800000,         3.979980,         0.943588,        -0.330355,        -0.022534,         0.050416,         0.210596,        -0.976272,         0.327262,         0.920063,         0.215371
2005-03-07T02:12:13.453, 144643192.040484, -33821597.876409,    172203.949547,    262021.747016,    736132.994508,    172273.061638,         1.404390,         3.623379,         0.858957,    793769.000000,       -34.300000,        48.800000,         3.979820,         0.943578,        -0.330381,        -0.022551,         0.050407,         0.210600,        -0.976272,         0.327290,         0.920052,         0.215372
2005-03-07T02:12:45.453, 144643474.718929, -33820551.091745,    172231.430860,    262066.687390,    736248.942317,    172300.548182,         1.404384,         3.623359,         0.858952,    793897.000000,       -34.300000,        48.700000,         3.979800,         0.943577,        -0.330384,        -0.022553,         0.050406,         0.210601,        -0.976272,         0.327294,         0.920051,         0.215372
2005-03-07T02:16:29.453, 144645453.294048, -33813223.576481,    172423.795936,    262381.264462,    737060.558514,    172492.949781,         1.404340,         3.623215,         0.858919,    794788.000000,       -34.300000,        47.800000,         3.979650,         0.943568,        -0.330410,        -0.022569,         0.050397,         0.210606,        -0.976271,         0.327323,         0.920041,         0.215372
2005-03-07T02:17:01.453, 144645735.922780, -33812176.785353,    172451.276074,    262426.203253,    737176.501049,    172520.435123,         1.404334,         3.623194,         0.858915,    794915.000000,       -34.300000,        47.600000,         3.979630,         0.943566,        -0.330414,        -0.022572,         0.050395,         0.210606,        -0.976271,         0.327327,         0.920039,         0.215372
2005-03-07T02:25:01.453, 144649974.608140, -33796474.821302,    172863.460555,    263100.261436,    738915.560168,    172932.697260,         1.404242,         3.622886,         0.858844,    796825.000000,       -34.300000,        45.600000,         3.979300,         0.943546,        -0.330468,        -0.022606,         0.050376,         0.210616,        -0.976270,         0.327388,         0.920017,         0.215374
2005-03-07T02:25:33.453, 144650257.137458, -33795428.017216,    172890.938350,    263145.197073,    739031.492191,    172960.180205,         1.404236,         3.622865,         0.858840,    796952.000000,       -34.300000,        45.500000,         3.979280,         0.943545,        -0.330472,        -0.022609,         0.050375,         0.210617,        -0.976270,         0.327392,         0.920016,         0.215374
2005-03-07T02:29:17.453, 144652234.668730, -33788100.365900,    173083.278829,    263459.741037,    739842.998007,    173152.556639,         1.404193,         3.622722,         0.858807,    797843.000000,       -34.300000,        44.500000,         3.979120,         0.943536,        -0.330497,        -0.022625,         0.050366,         0.210621,        -0.976269,         0.327420,         0.920005,         0.215375
2005-03-07T02:29:49.453, 144652517.148347, -33787053.555323,    173110.755457,    263504.675105,    739958.924791,    173180.038390,         1.404187,         3.622702,         0.858802,    797970.000000,       -34.300000,        44.400000,         3.979100,         0.943534,        -0.330501,        -0.022627,         0.050364,         0.210622,        -0.976269,         0.327424,         0.920004,         0.215375
2005-03-07T02:33:33.453, 144654494.331725, -33779725.858528,    173303.087776,    263819.208097,    740770.393980,    173372.406475,         1.404144,         3.622559,         0.858770,    798861.000000,       -34.300000,        43.500000,         3.978950,         0.943525,        -0.330526,        -0.022643,         0.050355,         0.210627,        -0.976269,         0.327452,         0.919994,         0.215375
2005-03-07T02:34:05.453, 144654776.761645, -33778679.041448,    173330.563239,    263864.140599,    740886.315537,    173399.887034,         1.404138,         3.622538,         0.858765,    798988.000000,       -34.300000,        43.300000,         3.978930,         0.943524,        -0.330530,        -0.022646,         0.050354,         0.210627,        -0.976269,         0.327456,         0.919992,         0.215375
2005-03-07T02:37:49.453, 144656753.597154, -33771351.299109,    173522.887417,    264178.662651,    741697.748180,    173592.246789,         1.404095,         3.622396,         0.858733,    799879.000000,       -34.300000,        42.400000,         3.978780,         0.943514,        -0.330555,        -0.022662,         0.050345,         0.210632,        -0.976268,         0.327484,         0.919982,         0.215376
2005-03-07T02:38:21.453, 144657035.977381, -33770304.475518,    173550.361719,    264223.593593,    741813.664523,    173619.726160,         1.404089,         3.622376,         0.858728,    800007.000000,       -34.300000,        42.300000,         3.978750,         0.943513,        -0.330559,        -0.022664,         0.050344,         0.210633,        -0.976268,         0.327488,         0.919981,         0.215376
2005-03-07T02:42:05.453, 144659012.465050, -33762976.687572,    173742.677775,    264538.104737,    742625.060703,    173812.077604,         1.404046,         3.622233,         0.858696,    800898.000000,       -34.300000,        41.300000,         3.978600,         0.943504,        -0.330584,        -0.022680,         0.050335,         0.210637,        -0.976268,         0.327516,         0.919971,         0.215377
2005-03-07T02:42:37.453, 144659294.795587, -33761929.857462,    173770.150918,    264583.034123,    742740.971842,    173839.555789,         1.404040,         3.622213,         0.858691,    801025.000000,       -34.300000,        41.200000,         3.978580,         0.943503,        -0.330588,        -0.022683,         0.050334,         0.210638,        -0.976268,         0.327520,         0.919969,         0.215377
2005-03-07T02:46:21.453, 144661270.944263, -33754601.991131,    173962.459730,    264897.535795,    743552.335262,    174031.899799,         1.403998,         3.622071,         0.858659,    801916.000000,       -34.300000,        40.300000,         3.978430,         0.943493,        -0.330613,        -0.022699,         0.050325,         0.210642,        -0.976267,         0.327548,         0.919959,         0.215378
2005-03-07T02:46:53.453, 144661553.225113, -33753555.154492,    173989.931717,    264942.463629,    743668.241210,    174059.376801,         1.403992,         3.622051,         0.858654,    802043.000000,       -34.300000,        40.100000,         3.978410,         0.943492,        -0.330617,        -0.022701,         0.050323,         0.210643,        -0.976267,         0.327552,         0.919958,         0.215378
2005-03-07T02:50:37.453, 144663529.017179, -33746227.275141,    174182.231587,    265256.953052,    744479.564708,    174251.711680,         1.403949,         3.621909,         0.858622,    802934.000000,       -34.300000,        39.200000,         3.978260,         0.943483,        -0.330642,        -0.022717,         0.050314,         0.210648,        -0.976266,         0.327580,         0.919948,         0.215378
2005-03-07T02:51:09.453, 144663811.248348, -33745180.431964,    174209.702421,    265301.879340,    744595.465476,    174279.187501,         1.403943,         3.621889,         0.858617,    803061.000000,       -34.300000,        39.000000,         3.978240,         0.943482,        -0.330645,        -0.022720,         0.050313,         0.210648,        -0.976266,         0.327584,         0.919946,         0.215378
2005-03-07T02:54:53.453, 144665786.692653, -33737852.506815,    174401.994226,    265616.357950,    745406.752755,    174471.514127,         1.403901,         3.621748,         0.858585,    803952.000000,       -34.300000,        38.100000,         3.978090,         0.943472,        -0.330670,        -0.022736,         0.050304,         0.210653,        -0.976266,         0.327612,         0.919936,         0.215379
2005-03-07T02:55:25.453, 144666068.874144, -33736805.657091,    174429.463909,    265661.282695,    745522.648354,    174498.988771,         1.403895,         3.621727,         0.858580,    804079.000000,       -34.300000,        38.000000,         3.978060,         0.943471,        -0.330674,        -0.022738,         0.050303,         0.210653,        -0.976266,         0.327616,         0.919935,         0.215379
2005-03-07T02:59:09.453, 144668043.970714, -33729477.686083,    174621.747668,    265975.750523,    746333.899495,    174691.307161,         1.403853,         3.621586,         0.858548,    804970.000000,       -34.300000,        37.000000,         3.977910,         0.943462,        -0.330699,        -0.022754,         0.050294,         0.210658,        -0.976265,         0.327643,         0.919925,         0.215380
2005-03-07T02:59:41.453, 144668326.102530, -33728430.829804,    174649.216203,    266020.673730,    746449.789938,    174718.780630,         1.403847,         3.621566,         0.858544,    805097.000000,       -34.300000,        36.900000,         3.977890,         0.943461,        -0.330703,        -0.022756,         0.050293,         0.210659,        -0.976265,         0.327647,         0.919923,         0.215380
2005-03-07T03:03:25.453, 144670300.851392, -33721102.812875,    174841.491936,    266335.130807,    747261.005020,    174911.090805,         1.403805,         3.621426,         0.858512,    805988.000000,       -34.300000,        36.000000,         3.977740,         0.943451,        -0.330728,        -0.022773,         0.050284,         0.210663,        -0.976265,         0.327675,         0.919913,         0.215381
2005-03-07T03:03:57.453, 144670582.933537, -33720055.950031,    174868.959325,    266380.052481,    747376.890318,    174938.563101,         1.403799,         3.621406,         0.858507,    806115.000000,       -34.300000,        35.800000,         3.977720,         0.943450,        -0.330731,        -0.022775,         0.050282,         0.210664,        -0.976265,         0.327679,         0.919912,         0.215381
2005-03-07T03:07:41.453, 144672557.334717, -33712727.887117,    175061.227050,    266694.498839,    748188.069423,    175130.865079,         1.403757,         3.621265,         0.858475,    807006.000000,       -34.300000,        34.900000,         3.977570,         0.943441,        -0.330756,        -0.022791,         0.050273,         0.210668,        -0.976264,         0.327706,         0.919902,         0.215381
2005-03-07T03:08:13.453, 144672839.367195, -33711681.017700,    175088.693297,    266739.418983,    748303.949586,    175158.336205,         1.403752,         3.621245,         0.858470,    807133.000000,       -34.300000,        34.800000,         3.977550,         0.943440,        -0.330759,        -0.022793,         0.050272,         0.210669,        -0.976264,         0.327710,         0.919900,         0.215381
2005-03-07T03:11:57.453, 144674813.420718, -33704352.908743,    175280.953032,    267053.854654,    749115.092794,    175350.630004,         1.403710,         3.621105,         0.858439,    808024.000000,       -34.300000,        33.800000,         3.977400,         0.943431,        -0.330784,        -0.022809,         0.050263,         0.210674,        -0.976263,         0.327738,         0.919890,         0.215382
2005-03-07T03:12:29.453, 144675095.403533, -33703306.032743,    175308.418139,    267098.773273,    749230.967835,    175378.099964,         1.403704,         3.621085,         0.858434,    808151.000000,       -34.300000,        33.700000,         3.977380,         0.943429,        -0.330788,        -0.022811,         0.050262,         0.210674,        -0.976263,         0.327742,         0.919889,         0.215382
2005-03-07T03:16:13.453, 144677069.109426, -33695977.877680,    175500.669904,    267413.198286,    750042.075224,    175570.385603,         1.403662,         3.620945,         0.858402,    809041.000000,       -34.300000,        32.800000,         3.977230,         0.943420,        -0.330813,        -0.022828,         0.050253,         0.210679,        -0.976263,         0.327769,         0.919879,         0.215383
2005-03-07T03:16:45.453, 144677351.042581, -33694930.995089,    175528.133873,    267458.115385,    750157.945153,    175597.854399,         1.403656,         3.620925,         0.858398,    809169.000000,       -34.300000,        32.600000,         3.977210,         0.943419,        -0.330816,        -0.022830,         0.050251,         0.210679,        -0.976263,         0.327773,         0.919878,         0.215383
2005-03-07T03:20:29.453, 144679324.400870, -33687602.793859,    175720.377686,    267772.529772,    750969.016803,    175790.131897,         1.403615,         3.620786,         0.858366,    810059.000000,       -34.300000,        31.700000,         3.977060,         0.943410,        -0.330841,        -0.022846,         0.050242,         0.210684,        -0.976262,         0.327801,         0.919868,         0.215384
2005-03-07T03:21:01.453, 144679606.284370, -33686555.904668,    175747.840520,    267817.445355,    751084.881633,    175817.599530,         1.403609,         3.620766,         0.858361,    810186.000000,       -34.300000,        31.500000,         3.977040,         0.943409,        -0.330844,        -0.022848,         0.050241,         0.210685,        -0.976262,         0.327804,         0.919866,         0.215384
2005-03-07T03:24:45.453, 144681579.295080, -33679227.657211,    175940.076399,    268131.849146,    751895.917623,    176009.868906,         1.403568,         3.620627,         0.858330,    811077.000000,       -34.300000,        30.600000,         3.976890,         0.943400,        -0.330869,        -0.022864,         0.050232,         0.210689,        -0.976262,         0.327832,         0.919856,         0.215384
2005-03-07T03:25:17.453, 144681861.128927, -33678180.761412,    175967.538102,    268176.763218,    752011.777364,    176037.335380,         1.403562,         3.620607,         0.858325,    811204.000000,       -34.300000,        30.500000,         3.976870,         0.943398,        -0.330872,        -0.022867,         0.050231,         0.210690,        -0.976262,         0.327836,         0.919855,         0.215384
2005-03-07T03:29:01.453, 144683833.792084, -33670852.467667,    176159.766065,    268491.156443,    752822.777773,    176229.596651,         1.403521,         3.620468,         0.858293,    812095.000000,       -34.300000,        29.500000,         3.976720,         0.943389,        -0.330897,        -0.022883,         0.050222,         0.210694,        -0.976261,         0.327863,         0.919845,         0.215385
2005-03-07T03:29:33.453, 144684115.576282, -33669805.565251,    176187.226638,    268536.069008,    752938.632436,    176257.061969,         1.403515,         3.620448,         0.858289,    812222.000000,       -34.300000,        29.400000,         3.976700,         0.943388,        -0.330900,        -0.022885,         0.050221,         0.210695,        -0.976261,         0.327867,         0.919844,         0.215385
2005-03-07T03:33:17.453, 144686087.891912, -33662477.225159,    176379.446705,    268850.451699,    753749.597341,    176449.315154,         1.403474,         3.620310,         0.858257,    813112.000000,       -34.300000,        28.500000,         3.976550,         0.943379,        -0.330925,        -0.022901,         0.050212,         0.210699,        -0.976260,         0.327894,         0.919834,         0.215386
2005-03-07T03:33:49.453, 144686369.626465, -33661430.316117,    176406.906151,    268895.362761,    753865.446939,    176476.779318,         1.403468,         3.620290,         0.858253,    813239.000000,       -34.300000,        28.300000,         3.976530,         0.943378,        -0.330928,        -0.022903,         0.050210,         0.210700,        -0.976260,         0.327898,         0.919833,         0.215386
2005-03-07T03:37:33.453, 144688341.594592, -33654101.929616,    176599.118338,    269209.734948,    754676.376419,    176669.024435,         1.403427,         3.620152,         0.858221,    814130.000000,       -34.300000,        27.400000,         3.976390,         0.943369,        -0.330953,        -0.022919,         0.050201,         0.210705,        -0.976260,         0.327925,         0.919823,         0.215387
2005-03-07T03:38:05.453, 144688623.279504, -33653055.013942,    176626.576661,    269254.644512,    754792.220961,    176696.487448,         1.403421,         3.620132,         0.858217,    814257.000000,       -34.300000,        27.300000,         3.976370,         0.943368,        -0.330956,        -0.022921,         0.050200,         0.210705,        -0.976260,         0.327929,         0.919821,         0.215387
2005-03-07T03:41:49.453, 144690594.900155, -33645726.580974,    176818.780987,    269569.006225,    755603.115094,    176888.724516,         1.403380,         3.619994,         0.858185,    815147.000000,       -34.300000,        26.300000,         3.976220,         0.943359,        -0.330981,        -0.022937,         0.050191,         0.210710,        -0.976259,         0.327956,         0.919812,         0.215387
2005-03-07T03:42:21.453, 144690876.535429, -33644679.658657,    176846.238188,    269613.914294,    755718.954592,    176916.186380,         1.403374,         3.619974,         0.858181,    815275.000000,       -34.300000,        26.200000,         3.976200,         0.943357,        -0.330984,        -0.022940,         0.050190,         0.210711,        -0.976259,         0.327960,         0.919810,         0.215387
2005-03-07T03:46:05.453, 144692847.808628, -33637351.179164,    177038.434672,    269928.265564,    756529.813454,    177108.415417,         1.403334,         3.619837,         0.858150,    816165.000000,       -34.300000,        25.200000,         3.976050,         0.943349,        -0.331008,        -0.022956,         0.050181,         0.210715,        -0.976259,         0.327987,         0.919800,         0.215388
2005-03-07T03:46:37.453, 144693129.394268, -33636304.250196,    177065.890754,    269973.172143,    756645.647919,    177135.876135,         1.403328,         3.619817,         0.858145,    816292.000000,       -34.300000,        25.100000,         3.976030,         0.943347,        -0.331012,        -0.022958,         0.050179,         0.210716,        -0.976259,         0.327991,         0.919799,         0.215388
2005-03-07T03:54:37.453, 144697352.434420, -33620600.215769,    177477.715232,    270646.748565,    758383.089586,    177547.769760,         1.403241,         3.619523,         0.858078,    818200.000000,       -34.300000,        23.100000,         3.975720,         0.943328,        -0.331064,        -0.022992,         0.050160,         0.210725,        -0.976258,         0.328048,         0.919778,         0.215389
2005-03-07T03:55:09.453, 144697633.920802, -33619553.273475,    177505.169083,    270691.652178,    758498.914017,    177575.228194,         1.403235,         3.619504,         0.858074,    818327.000000,       -34.300000,        23.000000,         3.975700,         0.943327,        -0.331067,        -0.022994,         0.050159,         0.210726,        -0.976257,         0.328052,         0.919777,         0.215389
2005-03-07T03:58:53.453, 144699604.151796, -33612224.654053,    177697.342148,    271005.972297,    759309.667532,    177767.433244,         1.403195,         3.619367,         0.858043,    819217.000000,       -34.300000,        22.000000,         3.975550,         0.943318,        -0.331091,        -0.023010,         0.050150,         0.210731,        -0.976257,         0.328079,         0.919767,         0.215390
2005-03-07T03:59:25.453, 144699885.588555, -33611177.705082,    177724.794888,    271050.874433,    759425.486963,    177794.890539,         1.403189,         3.619347,         0.858038,    819345.000000,       -34.300000,        21.900000,         3.975530,         0.943317,        -0.331095,        -0.023012,         0.050148,         0.210731,        -0.976257,         0.328083,         0.919766,         0.215390
2005-03-07T04:07:25.453, 144704106.395650, -33595473.370247,    178136.569354,    271724.384390,    761162.703620,    178206.732938,         1.403103,         3.619055,         0.857972,    821252.000000,       -34.300000,        19.900000,         3.975220,         0.943298,        -0.331146,        -0.023046,         0.050129,         0.210741,        -0.976256,         0.328140,         0.919745,         0.215392
2005-03-07T04:07:57.453, 144704387.733173, -33594426.407900,    178164.019878,    271769.283585,    761278.513084,    178234.187964,         1.403097,         3.619036,         0.857967,    821379.000000,       -34.300000,        19.800000,         3.975200,         0.943297,        -0.331149,        -0.023049,         0.050128,         0.210742,        -0.976256,         0.328144,         0.919743,         0.215392
2005-03-07T04:11:41.453, 144706356.922184, -33587097.648027,    178356.169684,    272083.572821,    762089.161935,    178426.369189,         1.403057,         3.618900,         0.857936,    822269.000000,       -34.300000,        18.800000,         3.975060,         0.943288,        -0.331173,        -0.023065,         0.050119,         0.210746,        -0.976255,         0.328170,         0.919734,         0.215392
2005-03-07T04:12:13.453, 144706638.210094, -33586050.678980,    178383.619105,    272128.470551,    762204.966431,    178453.823084,         1.403051,         3.618881,         0.857932,    822396.000000,       -34.300000,        18.700000,         3.975030,         0.943287,        -0.331177,        -0.023067,         0.050118,         0.210747,        -0.976255,         0.328174,         0.919732,         0.215392
2005-03-07T04:15:57.453, 144708607.051827, -33578721.872176,    178575.761193,    272442.749551,    763015.580547,    178645.996403,         1.403011,         3.618745,         0.857901,    823287.000000,       -34.300000,        17.700000,         3.974890,         0.943278,        -0.331201,        -0.023083,         0.050109,         0.210751,        -0.976255,         0.328201,         0.919723,         0.215393
2005-03-07T04:16:29.453, 144708888.290128, -33577674.896420,    178603.209512,    272487.645821,    763131.380086,    178673.449170,         1.403006,         3.618726,         0.857897,    823414.000000,       -34.300000,        17.600000,         3.974870,         0.943277,        -0.331204,        -0.023085,         0.050107,         0.210752,        -0.976255,         0.328205,         0.919721,         0.215393
2005-03-07T04:20:13.455, 144710856.793394, -33570346.009909,    178795.344758,    272801.916018,    763941.963159,    178865.615457,         1.402966,         3.618591,         0.857866,    824304.000000,       -34.300000,        16.700000,         3.974730,         0.943268,        -0.331228,        -0.023101,         0.050098,         0.210756,        -0.976254,         0.328231,         0.919712,         0.215394
2005-03-07T04:20:45.455, 144711137.982088, -33569299.027437,    178822.791978,    272846.810833,    764057.757752,    178893.067098,         1.402960,         3.618571,         0.857862,    824431.000000,       -34.300000,        16.500000,         3.974710,         0.943267,        -0.331231,        -0.023103,         0.050097,         0.210757,        -0.976254,         0.328235,         0.919710,         0.215394
2005-03-07T04:24:29.455, 144713106.129337, -33561970.126600,    179014.918684,    273161.069450,    764868.302619,    179085.224656,         1.402920,         3.618436,         0.857831,    825321.000000,       -34.300000,        15.600000,         3.974560,         0.943258,        -0.331255,        -0.023119,         0.050088,         0.210762,        -0.976253,         0.328261,         0.919701,         0.215394
2005-03-07T04:25:01.455, 144713387.268428, -33560923.137403,    179042.364808,    273205.962813,    764984.092277,    179112.675174,         1.402915,         3.618417,         0.857827,    825448.000000,       -34.300000,        15.500000,         3.974540,         0.943257,        -0.331258,        -0.023121,         0.050087,         0.210762,        -0.976253,         0.328265,         0.919700,         0.215394
