2009-11-09T20:03:06.068, 102547344.152588, 110040044.529074,  -1397492.720995,  -2300793.769843,   -943569.225994,   1394898.154336,         7.580915,         3.162319,        -4.597053,   2844890.000000,       -18.400000,        42.000000,         9.412940,        -0.794804,        -0.604901,         0.048794,        -0.173196,         0.149040,        -0.973545,         0.581626,        -0.782229,        -0.223224
2009-11-09T20:03:38.068, 102546384.414718, 110040585.008325,  -1397345.594997,  -2300551.180618,   -943468.031838,   1394751.048605,         7.580912,         3.162315,        -4.597055,   2844588.000000,       -18.400000,        41.800000,         9.412940,        -0.794800,        -0.604907,         0.048793,        -0.173197,         0.149040,        -0.973545,         0.581632,        -0.782224,        -0.223225
2009-11-09T20:07:22.068, 102539666.133837, 110044368.239586,  -1396315.710749,  -2298853.058313,   -942759.676229,   1393721.306195,         7.580894,         3.162288,        -4.597073,   2842480.000000,       -18.400000,        40.900000,         9.412920,        -0.794770,        -0.604947,         0.048786,        -0.173200,         0.149036,        -0.973545,         0.581672,        -0.782194,        -0.223226
2009-11-09T20:07:54.068, 102538706.362882, 110044908.683553,  -1396168.584105,  -2298610.469737,   -942658.483069,   1393574.199808,         7.580892,         3.162284,        -4.597076,   2842179.000000,       -18.400000,        40.800000,         9.412920,        -0.794766,        -0.604952,         0.048785,        -0.173201,         0.149036,        -0.973545,         0.581678,        -0.782190,        -0.223227
2009-11-09T20:15:54.068, 102524309.302349, 110053014.813719,  -1393961.674778,  -2294971.650798,   -941140.600589,   1391367.594179,         7.580854,         3.162226,        -4.597114,   2837661.000000,       -18.400000,        38.800000,         9.412890,        -0.794702,        -0.605038,         0.048771,        -0.173208,         0.149028,        -0.973545,         0.581763,        -0.782125,        -0.223230
2009-11-09T20:16:26.068, 102523349.465231, 110053555.187106,  -1393814.546845,  -2294729.063515,   -941039.409418,   1391220.486481,         7.580851,         3.162222,        -4.597117,   2837359.000000,       -18.400000,        38.600000,         9.412890,        -0.794697,        -0.605043,         0.048770,        -0.173209,         0.149028,        -0.973545,         0.581769,        -0.782121,        -0.223231
2009-11-09T20:20:10.068, 102516630.489621, 110057337.677289,  -1392784.649055,  -2293030.954794,   -940331.074698,   1390190.730305,         7.580834,         3.162195,        -4.597135,   2835251.000000,       -18.400000,        37.700000,         9.412870,        -0.794667,        -0.605083,         0.048764,        -0.173212,         0.149024,        -0.973545,         0.581809,        -0.782091,        -0.223232
2009-11-09T20:20:42.068, 102515670.619422, 110057878.015382,  -1392637.520477,  -2292788.368156,   -940229.884520,   1390043.621952,         7.580831,         3.162191,        -4.597137,   2834950.000000,       -18.400000,        37.600000,         9.412870,        -0.794663,        -0.605089,         0.048763,        -0.173212,         0.149024,        -0.973545,         0.581814,        -0.782086,        -0.223233
2009-11-09T20:24:26.068, 102508951.412243, 110061660.258496,  -1391607.618173,  -2291090.263946,   -939521.556746,   1389013.861186,         7.580814,         3.162164,        -4.597155,   2832841.000000,       -18.400000,        36.600000,         9.412860,        -0.794633,        -0.605129,         0.048756,        -0.173216,         0.149020,        -0.973545,         0.581854,        -0.782056,        -0.223234
2009-11-09T20:24:58.068, 102507991.508963, 110062200.561292,  -1391460.488950,  -2290847.677952,   -939420.367560,   1388866.752178,         7.580811,         3.162160,        -4.597158,   2832540.000000,       -18.400000,        36.500000,         9.412850,        -0.794629,        -0.605135,         0.048755,        -0.173216,         0.149020,        -0.973545,         0.581860,        -0.782052,        -0.223235
2009-11-09T20:28:42.068, 102501272.070220, 110065982.557316,  -1390430.582132,  -2289149.578245,   -938712.046725,   1387836.986824,         7.580793,         3.162133,        -4.597176,   2830432.000000,       -18.400000,        35.600000,         9.412840,        -0.794599,        -0.605174,         0.048749,        -0.173220,         0.149016,        -0.973545,         0.581900,        -0.782022,        -0.223236
2009-11-09T20:29:14.068, 102500312.133859, 110066522.824812,  -1390283.452265,  -2288906.992894,   -938610.858530,   1387689.877160,         7.580791,         3.162129,        -4.597178,   2830130.000000,       -18.400000,        35.400000,         9.412840,        -0.794595,        -0.605180,         0.048748,        -0.173220,         0.149016,        -0.973545,         0.581906,        -0.782017,        -0.223237
2009-11-09T20:32:58.068, 102493592.463557, 110070304.573722,  -1389253.540934,  -2287208.897682,   -937902.544628,   1386660.107217,         7.580773,         3.162102,        -4.597196,   2828022.000000,       -18.400000,        34.500000,         9.412820,        -0.794565,        -0.605220,         0.048741,        -0.173224,         0.149013,        -0.973544,         0.581945,        -0.781987,        -0.223238
2009-11-09T20:33:30.068, 102492632.494114, 110070844.805916,  -1389106.410421,  -2286966.312972,   -937801.357422,   1386512.996898,         7.580771,         3.162098,        -4.597199,   2827721.000000,       -18.400000,        34.300000,         9.412820,        -0.794560,        -0.605226,         0.048740,        -0.173224,         0.149012,        -0.973544,         0.581951,        -0.781983,        -0.223239
2009-11-09T20:37:14.068, 102485912.592255, 110074626.307693,  -1388076.494577,  -2285268.222246,   -937093.050443,   1385483.222367,         7.580753,         3.162071,        -4.597217,   2825612.000000,       -18.400000,        33.400000,         9.412810,        -0.794530,        -0.605266,         0.048734,        -0.173227,         0.149009,        -0.973544,         0.581991,        -0.781953,        -0.223240
2009-11-09T20:37:46.068, 102484952.589735, 110075166.504579,  -1387929.363420,  -2285025.638177,   -936991.864226,   1385336.111392,         7.580751,         3.162067,        -4.597219,   2825311.000000,       -18.400000,        33.300000,         9.412800,        -0.794526,        -0.605271,         0.048733,        -0.173228,         0.149008,        -0.973544,         0.581997,        -0.781948,        -0.223241
2009-11-09T20:41:30.068, 102478232.456319, 110078947.759202,  -1386899.443062,  -2283327.551929,   -936283.564163,   1384306.332272,         7.580733,         3.162040,        -4.597237,   2823203.000000,       -18.400000,        32.300000,         9.412790,        -0.794496,        -0.605311,         0.048726,        -0.173231,         0.149005,        -0.973544,         0.582037,        -0.781918,        -0.223242
2009-11-09T20:42:02.068, 102477272.420721, 110079487.920778,  -1386752.311260,  -2283084.968499,   -936182.378933,   1384159.220641,         7.580731,         3.162036,        -4.597240,   2822902.000000,       -18.400000,        32.200000,         9.412790,        -0.794492,        -0.605317,         0.048725,        -0.173232,         0.149004,        -0.973544,         0.582042,        -0.781914,        -0.223243
2009-11-09T20:45:46.068, 102470552.055756, 110083268.928224,  -1385722.386390,  -2281386.886721,   -935474.085778,   1383129.436933,         7.580714,         3.162010,        -4.597258,   2820793.000000,       -18.400000,        31.300000,         9.412770,        -0.794462,        -0.605357,         0.048719,        -0.173235,         0.149001,        -0.973544,         0.582082,        -0.781884,        -0.223244
2009-11-09T20:46:18.068, 102469591.987079, 110083809.054489,  -1385575.253943,  -2281144.303928,   -935372.901535,   1382982.324647,         7.580711,         3.162006,        -4.597260,   2820492.000000,       -18.400000,        31.100000,         9.412770,        -0.794458,        -0.605362,         0.048718,        -0.173236,         0.149000,        -0.973544,         0.582088,        -0.781879,        -0.223245
2009-11-09T20:50:02.068, 102462871.390567, 110087589.814737,  -1384545.324560,  -2279446.226612,   -934664.615281,   1381952.536350,         7.580694,         3.161979,        -4.597278,   2818383.000000,       -18.400000,        30.200000,         9.412760,        -0.794428,        -0.605402,         0.048711,        -0.173239,         0.148997,        -0.973544,         0.582128,        -0.781849,        -0.223246
2009-11-09T20:50:34.068, 102461911.288813, 110088129.905686,  -1384398.191468,  -2279203.644456,   -934563.432023,   1381805.423408,         7.580691,         3.161975,        -4.597281,   2818082.000000,       -18.400000,        30.100000,         9.412750,        -0.794423,        -0.605408,         0.048711,        -0.173239,         0.148996,        -0.973544,         0.582134,        -0.781845,        -0.223247
2009-11-09T20:54:18.068, 102455190.460759, 110091910.418714,  -1383368.257572,  -2277505.571593,   -933855.152661,   1380775.630522,         7.580674,         3.161948,        -4.597299,   2815974.000000,       -18.400000,        29.100000,         9.412740,        -0.794393,        -0.605448,         0.048704,        -0.173243,         0.148993,        -0.973544,         0.582173,        -0.781815,        -0.223249
2009-11-09T20:54:50.068, 102454230.325927, 110092450.474344,  -1383221.123836,  -2277262.990073,   -933753.970387,   1380628.516925,         7.580671,         3.161944,        -4.597301,   2815673.000000,       -18.400000,        29.000000,         9.412740,        -0.794389,        -0.605453,         0.048703,        -0.173243,         0.148992,        -0.973544,         0.582179,        -0.781810,        -0.223249
2009-11-09T20:58:34.068, 102447509.266336, 110096230.740131,  -1382191.185426,  -2275564.921654,   -933045.697911,   1379598.719451,         7.580654,         3.161917,        -4.597319,   2813564.000000,       -18.400000,        28.100000,         9.412720,        -0.794359,        -0.605493,         0.048697,        -0.173247,         0.148989,        -0.973544,         0.582219,        -0.781780,        -0.223251
2009-11-09T21:42:18.069, 102368761.737679, 110140497.754403,  -1370125.893993,  -2255673.542852,   -924749.235145,   1367535.073997,         7.580453,         3.161604,        -4.597529,   2788866.000000,       -18.500000,        17.100000,         9.412560,        -0.794008,        -0.605960,         0.048620,        -0.173286,         0.148949,        -0.973543,         0.582686,        -0.781426,        -0.223271
2009-11-09T21:42:50.069, 102367801.230764, 110141037.412487,  -1369978.753004,  -2255430.968400,   -924648.063865,   1367387.953025,         7.580450,         3.161601,        -4.597532,   2788565.000000,       -18.500000,        17.000000,         9.412560,        -0.794004,        -0.605966,         0.048619,        -0.173287,         0.148948,        -0.973543,         0.582692,        -0.781422,        -0.223271
2009-11-09T21:43:22.069, 102366840.719716, 110141577.066151,  -1369831.611935,  -2255188.394025,   -924546.892707,   1367240.831971,         7.580448,         3.161597,        -4.597534,   2788263.000000,       -18.500000,        16.800000,         9.412560,        -0.793999,        -0.605971,         0.048618,        -0.173287,         0.148948,        -0.973543,         0.582698,        -0.781417,        -0.223272
2009-11-09T21:43:54.069, 102365880.204533, 110142116.715396,  -1369684.470786,  -2254945.819727,   -924445.721670,   1367093.710834,         7.580446,         3.161593,        -4.597537,   2787962.000000,       -18.500000,        16.700000,         9.412550,        -0.793995,        -0.605977,         0.048617,        -0.173288,         0.148947,        -0.973543,         0.582703,        -0.781413,        -0.223272
2009-11-09T21:44:26.069, 102364919.685216, 110142656.360221,  -1369537.329556,  -2254703.245508,   -924344.550754,   1366946.589616,         7.580443,         3.161589,        -4.597539,   2787661.000000,       -18.500000,        16.600000,         9.412550,        -0.793991,        -0.605983,         0.048616,        -0.173288,         0.148947,        -0.973543,         0.582709,        -0.781409,        -0.223272
2009-11-09T21:44:58.069, 102363959.161766, 110143196.000627,  -1369390.188245,  -2254460.671366,   -924243.379960,   1366799.468316,         7.580441,         3.161585,        -4.597542,   2787360.000000,       -18.500000,        16.400000,         9.412550,        -0.793986,        -0.605988,         0.048615,        -0.173289,         0.148946,        -0.973543,         0.582715,        -0.781405,        -0.223272
2009-11-09T21:45:30.069, 102362998.634181, 110143735.636613,  -1369243.046854,  -2254218.097301,   -924142.209286,   1366652.346934,         7.580438,         3.161582,        -4.597544,   2787059.000000,       -18.500000,        16.300000,         9.412550,        -0.793982,        -0.605994,         0.048614,        -0.173289,         0.148946,        -0.973543,         0.582720,        -0.781400,        -0.223273
2009-11-09T21:46:02.069, 102362038.102461, 110144275.268181,  -1369095.905382,  -2253975.523314,   -924041.038734,   1366505.225470,         7.580436,         3.161578,        -4.597547,   2786757.000000,       -18.500000,        16.200000,         9.412550,        -0.793978,        -0.606000,         0.048614,        -0.173290,         0.148945,        -0.973543,         0.582726,        -0.781396,        -0.223273
2009-11-09T21:46:34.069, 102361077.566609, 110144814.895328,  -1368948.763830,  -2253732.949404,   -923939.868304,   1366358.103924,         7.580433,         3.161574,        -4.597550,   2786456.000000,       -18.500000,        16.000000,         9.412540,        -0.793974,        -0.606006,         0.048613,        -0.173290,         0.148945,        -0.973543,         0.582732,        -0.781392,        -0.223273
2009-11-09T21:47:06.069, 102360117.026623, 110145354.518056,  -1368801.622197,  -2253490.375573,   -923838.697994,   1366210.982296,         7.580431,         3.161570,        -4.597552,   2786155.000000,       -18.500000,        15.900000,         9.412540,        -0.793969,        -0.606011,         0.048612,        -0.173291,         0.148944,        -0.973543,         0.582737,        -0.781387,        -0.223273
2009-11-09T21:47:38.069, 102359156.482504, 110145894.136363,  -1368654.480483,  -2253247.801818,   -923737.527806,   1366063.860586,         7.580429,         3.161566,        -4.597555,   2785854.000000,       -18.500000,        15.800000,         9.412540,        -0.793965,        -0.606017,         0.048611,        -0.173291,         0.148944,        -0.973543,         0.582743,        -0.781383,        -0.223274
2009-11-09T21:48:10.069, 102358195.934250, 110146433.750251,  -1368507.338689,  -2253005.228142,   -923636.357739,   1365916.738794,         7.580426,         3.161563,        -4.597557,   2785553.000000,       -18.500000,        15.600000,         9.412540,        -0.793961,        -0.606023,         0.048610,        -0.173292,         0.148943,        -0.973543,         0.582749,        -0.781379,        -0.223274
2009-11-09T21:48:42.069, 102357235.381863, 110146973.359719,  -1368360.196815,  -2252762.654542,   -923535.187794,   1365769.616921,         7.580424,         3.161559,        -4.597560,   2785251.000000,       -18.500000,        15.500000,         9.412540,        -0.793956,        -0.606028,         0.048609,        -0.173292,         0.148943,        -0.973543,         0.582755,        -0.781374,        -0.223274
2009-11-09T21:49:14.069, 102356274.825341, 110147512.964767,  -1368213.054860,  -2252520.081020,   -923434.017969,   1365622.494965,         7.580421,         3.161555,        -4.597562,   2784950.000000,       -18.500000,        15.400000,         9.412530,        -0.793952,        -0.606034,         0.048608,        -0.173293,         0.148942,        -0.973543,         0.582760,        -0.781370,        -0.223274
2009-11-09T21:49:46.069, 102355314.264687, 110148052.565395,  -1368065.912824,  -2252277.507576,   -923332.848266,   1365475.372927,         7.580419,         3.161551,        -4.597565,   2784649.000000,       -18.500000,        15.200000,         9.412530,        -0.793948,        -0.606040,         0.048607,        -0.173293,         0.148942,        -0.973543,         0.582766,        -0.781366,        -0.223275
2009-11-09T21:50:18.069, 102354353.699898, 110148592.161603,  -1367918.770707,  -2252034.934209,   -923231.678684,   1365328.250808,         7.580417,         3.161548,        -4.597568,   2784348.000000,       -18.500000,        15.100000,         9.412530,        -0.793944,        -0.606045,         0.048606,        -0.173294,         0.148941,        -0.973543,         0.582772,        -0.781361,        -0.223275
2009-11-09T21:50:50.069, 102353393.130973, 110149131.753392,  -1367771.628510,  -2251792.360919,   -923130.509222,   1365181.128606,         7.580414,         3.161544,        -4.597570,   2784047.000000,       -18.500000,        15.000000,         9.412530,        -0.793939,        -0.606051,         0.048605,        -0.173294,         0.148941,        -0.973543,         0.582777,        -0.781357,        -0.223275
2009-11-09T21:51:22.069, 102352432.557917, 110149671.340760,  -1367624.486233,  -2251549.787707,   -923029.339882,   1365034.006322,         7.580412,         3.161540,        -4.597573,   2783745.000000,       -18.500000,        14.800000,         9.412530,        -0.793935,        -0.606057,         0.048604,        -0.173295,         0.148940,        -0.973543,         0.582783,        -0.781353,        -0.223275
2009-11-09T21:51:54.069, 102351471.980727, 110150210.923708,  -1367477.343875,  -2251307.214572,   -922928.170663,   1364886.883957,         7.580409,         3.161536,        -4.597575,   2783444.000000,       -18.500000,        14.700000,         9.412520,        -0.793931,        -0.606062,         0.048603,        -0.173295,         0.148940,        -0.973543,         0.582789,        -0.781348,        -0.223276
2009-11-09T21:52:26.069, 102350511.399403, 110150750.502236,  -1367330.201436,  -2251064.641515,   -922827.001565,   1364739.761509,         7.580407,         3.161532,        -4.597578,   2783143.000000,       -18.500000,        14.600000,         9.412520,        -0.793926,        -0.606068,         0.048602,        -0.173296,         0.148939,        -0.973543,         0.582794,        -0.781344,        -0.223276
2009-11-09T21:52:58.069, 102349550.813946, 110151290.076343,  -1367183.058917,  -2250822.068534,   -922725.832588,   1364592.638980,         7.580404,         3.161529,        -4.597580,   2782842.000000,       -18.500000,        14.400000,         9.412520,        -0.793922,        -0.606074,         0.048601,        -0.173296,         0.148939,        -0.973543,         0.582800,        -0.781340,        -0.223276
2009-11-09T21:53:30.069, 102348590.224354, 110151829.646030,  -1367035.916317,  -2250579.495632,   -922624.663733,   1364445.516369,         7.580402,         3.161525,        -4.597583,   2782541.000000,       -18.500000,        14.300000,         9.412520,        -0.793918,        -0.606079,         0.048600,        -0.173297,         0.148938,        -0.973543,         0.582806,        -0.781335,        -0.223276
2009-11-09T21:54:02.069, 102347629.630629, 110152369.211297,  -1366888.773637,  -2250336.922806,   -922523.494998,   1364298.393675,         7.580400,         3.161521,        -4.597585,   2782239.000000,       -18.500000,        14.200000,         9.412520,        -0.793914,        -0.606085,         0.048600,        -0.173297,         0.148938,        -0.973543,         0.582812,        -0.781331,        -0.223277
2009-11-09T21:54:34.069, 102346669.032771, 110152908.772143,  -1366741.630876,  -2250094.350058,   -922422.326384,   1364151.270900,         7.580397,         3.161517,        -4.597588,   2781938.000000,       -18.500000,        14.000000,         9.412510,        -0.793909,        -0.606091,         0.048599,        -0.173298,         0.148938,        -0.973543,         0.582817,        -0.781327,        -0.223277
2009-11-09T21:55:06.069, 102345708.430778, 110153448.328569,  -1366594.488034,  -2249851.777387,   -922321.157891,   1364004.148043,         7.580395,         3.161514,        -4.597591,   2781637.000000,       -18.500000,        13.900000,         9.412510,        -0.793905,        -0.606097,         0.048598,        -0.173298,         0.148937,        -0.973543,         0.582823,        -0.781322,        -0.223277
2009-11-09T21:55:38.069, 102344747.824652, 110153987.880575,  -1366447.345112,  -2249609.204793,   -922219.989519,   1363857.025104,         7.580392,         3.161510,        -4.597593,   2781336.000000,       -18.500000,        13.800000,         9.412510,        -0.793901,        -0.606102,         0.048597,        -0.173298,         0.148937,        -0.973543,         0.582829,        -0.781318,        -0.223277
2009-11-09T21:56:10.069, 102343787.214390, 110154527.428161,  -1366300.202109,  -2249366.632276,   -922118.821268,   1363709.902082,         7.580390,         3.161506,        -4.597596,   2781035.000000,       -18.500000,        13.600000,         9.412510,        -0.793896,        -0.606108,         0.048596,        -0.173299,         0.148936,        -0.973543,         0.582834,        -0.781314,        -0.223278
2009-11-09T21:56:42.069, 102342826.599997, 110155066.971325,  -1366153.059026,  -2249124.059836,   -922017.653138,   1363562.778979,         7.580388,         3.161502,        -4.597598,   2780733.000000,       -18.500000,        13.500000,         9.412510,        -0.793892,        -0.606114,         0.048595,        -0.173299,         0.148936,        -0.973543,         0.582840,        -0.781309,        -0.223278
2009-11-09T21:57:14.069, 102341865.981470, 110155606.510069,  -1366005.915862,  -2248881.487474,   -921916.485129,   1363415.655794,         7.580385,         3.161498,        -4.597601,   2780432.000000,       -18.500000,        13.400000,         9.412500,        -0.793888,        -0.606119,         0.048594,        -0.173300,         0.148935,        -0.973543,         0.582846,        -0.781305,        -0.223278
2009-11-09T21:57:46.069, 102340905.358809, 110156146.044392,  -1365858.772618,  -2248638.915189,   -921815.317241,   1363268.532527,         7.580383,         3.161495,        -4.597603,   2780131.000000,       -18.500000,        13.200000,         9.412500,        -0.793884,        -0.606125,         0.048593,        -0.173300,         0.148935,        -0.973543,         0.582851,        -0.781301,        -0.223278
2009-11-09T21:58:18.069, 102339944.732014, 110156685.574295,  -1365711.629293,  -2248396.342981,   -921714.149473,   1363121.409178,         7.580380,         3.161491,        -4.597606,   2779830.000000,       -18.500000,        13.100000,         9.412500,        -0.793879,        -0.606131,         0.048592,        -0.173301,         0.148934,        -0.973543,         0.582857,        -0.781296,        -0.223279
2009-11-09T21:58:50.069, 102338984.101086, 110157225.099776,  -1365564.485887,  -2248153.770850,   -921612.981827,   1362974.285747,         7.580378,         3.161487,        -4.597608,   2779529.000000,       -18.500000,        13.000000,         9.412500,        -0.793875,        -0.606136,         0.048591,        -0.173301,         0.148934,        -0.973543,         0.582863,        -0.781292,        -0.223279
2009-11-09T21:59:22.069, 102338023.466024, 110157764.620837,  -1365417.342401,  -2247911.198797,   -921511.814301,   1362827.162234,         7.580375,         3.161483,        -4.597611,   2779227.000000,       -18.500000,        12.800000,         9.412500,        -0.793871,        -0.606142,         0.048590,        -0.173302,         0.148933,        -0.973543,         0.582869,        -0.781288,        -0.223279
2009-11-09T21:59:54.069, 102337062.826828, 110158304.137477,  -1365270.198834,  -2247668.626820,   -921410.646896,   1362680.038639,         7.580373,         3.161480,        -4.597614,   2778926.000000,       -18.500000,        12.700000,         9.412490,        -0.793866,        -0.606148,         0.048589,        -0.173302,         0.148933,        -0.973543,         0.582874,        -0.781284,        -0.223279
2009-11-09T22:00:26.069, 102336102.183499, 110158843.649696,  -1365123.055187,  -2247426.054920,   -921309.479612,   1362532.914962,         7.580371,         3.161476,        -4.597616,   2778625.000000,       -18.500000,        12.600000,         9.412490,        -0.793862,        -0.606153,         0.048588,        -0.173303,         0.148932,        -0.973543,         0.582880,        -0.781279,        -0.223280
2009-11-09T22:00:58.069, 102335141.536036, 110159383.157494,  -1364975.911459,  -2247183.483098,   -921208.312449,   1362385.791203,         7.580368,         3.161472,        -4.597619,   2778324.000000,       -18.500000,        12.400000,         9.412490,        -0.793858,        -0.606159,         0.048587,        -0.173303,         0.148932,        -0.973543,         0.582886,        -0.781275,        -0.223280
2009-11-09T22:01:30.069, 102334180.884438, 110159922.660872,  -1364828.767650,  -2246940.911352,   -921107.145406,   1362238.667362,         7.580366,         3.161468,        -4.597621,   2778023.000000,       -18.500000,        12.300000,         9.412490,        -0.793854,        -0.606165,         0.048586,        -0.173304,         0.148931,        -0.973543,         0.582891,        -0.781271,        -0.223280
2009-11-09T22:02:02.069, 102333220.228708, 110160462.159828,  -1364681.623761,  -2246698.339683,   -921005.978485,   1362091.543440,         7.580363,         3.161464,        -4.597624,   2777722.000000,       -18.500000,        12.200000,         9.412490,        -0.793849,        -0.606171,         0.048586,        -0.173304,         0.148931,        -0.973543,         0.582897,        -0.781266,        -0.223280
2009-11-09T22:02:34.069, 102332259.568844, 110161001.654363,  -1364534.479792,  -2246455.768092,   -920904.811684,   1361944.419435,         7.580361,         3.161461,        -4.597626,   2777420.000000,       -18.500000,        12.000000,         9.412490,        -0.793845,        -0.606176,         0.048585,        -0.173305,         0.148930,        -0.973543,         0.582903,        -0.781262,        -0.223281
2009-11-09T22:03:06.069, 102331298.904847, 110161541.144477,  -1364387.335742,  -2246213.196577,   -920803.645003,   1361797.295348,         7.580359,         3.161457,        -4.597629,   2777119.000000,       -18.500000,        11.900000,         9.412480,        -0.793841,        -0.606182,         0.048584,        -0.173305,         0.148930,        -0.973543,         0.582908,        -0.781258,        -0.223281
2009-11-09T22:03:38.069, 102330338.236716, 110162080.630170,  -1364240.191611,  -2245970.625140,   -920702.478444,   1361650.171180,         7.580356,         3.161453,        -4.597632,   2776818.000000,       -18.500000,        11.700000,         9.412480,        -0.793836,        -0.606188,         0.048583,        -0.173306,         0.148929,        -0.973543,         0.582914,        -0.781253,        -0.223281
2009-11-09T22:04:10.069, 102329377.564452, 110162620.111441,  -1364093.047400,  -2245728.053779,   -920601.312005,   1361503.046929,         7.580354,         3.161449,        -4.597634,   2776517.000000,       -18.500000,        11.600000,         9.412480,        -0.793832,        -0.606193,         0.048582,        -0.173306,         0.148929,        -0.973543,         0.582920,        -0.781249,        -0.223281
2009-11-09T22:04:42.069, 102328416.888054, 110163159.588291,  -1363945.903108,  -2245485.482495,   -920500.145686,   1361355.922597,         7.580351,         3.161446,        -4.597637,   2776216.000000,       -18.500000,        11.500000,         9.412480,        -0.793828,        -0.606199,         0.048581,        -0.173307,         0.148928,        -0.973543,         0.582925,        -0.781245,        -0.223282
2009-11-09T22:05:14.069, 102327456.207522, 110163699.060720,  -1363798.758735,  -2245242.911288,   -920398.979489,   1361208.798182,         7.580349,         3.161442,        -4.597639,   2775914.000000,       -18.500000,        11.300000,         9.412480,        -0.793824,        -0.606205,         0.048580,        -0.173307,         0.148928,        -0.973543,         0.582931,        -0.781240,        -0.223282
2009-11-09T22:05:46.069, 102326495.522857, 110164238.528727,  -1363651.614282,  -2245000.340158,   -920297.813412,   1361061.673686,         7.580347,         3.161438,        -4.597642,   2775613.000000,       -18.500000,        11.200000,         9.412470,        -0.793819,        -0.606210,         0.048579,        -0.173308,         0.148927,        -0.973543,         0.582937,        -0.781236,        -0.223282
2009-11-09T22:06:18.069, 102325534.834057, 110164777.992314,  -1363504.469748,  -2244757.769105,   -920196.647455,   1360914.549107,         7.580344,         3.161434,        -4.597644,   2775312.000000,       -18.500000,        11.100000,         9.412470,        -0.793815,        -0.606216,         0.048578,        -0.173308,         0.148927,        -0.973543,         0.582943,        -0.781232,        -0.223282
2009-11-09T22:06:50.069, 102324574.141124, 110165317.451478,  -1363357.325134,  -2244515.198128,   -920095.481619,   1360767.424446,         7.580342,         3.161430,        -4.597647,   2775011.000000,       -18.500000,        10.900000,         9.412470,        -0.793811,        -0.606222,         0.048577,        -0.173309,         0.148926,        -0.973543,         0.582948,        -0.781227,        -0.223283
2009-11-09T22:07:22.069, 102323613.444059, 110165856.906221,  -1363210.180439,  -2244272.627229,   -919994.315904,   1360620.299704,         7.580339,         3.161427,        -4.597649,   2774710.000000,       -18.500000,        10.800000,         9.412470,        -0.793806,        -0.606227,         0.048576,        -0.173309,         0.148926,        -0.973543,         0.582954,        -0.781223,        -0.223283
2009-11-09T22:07:54.069, 102322652.742859, 110166396.356543,  -1363063.035664,  -2244030.056406,   -919893.150309,   1360473.174880,         7.580337,         3.161423,        -4.597652,   2774408.000000,       -18.500000,        10.700000,         9.412470,        -0.793802,        -0.606233,         0.048575,        -0.173310,         0.148925,        -0.973543,         0.582960,        -0.781219,        -0.223283
2009-11-09T22:08:26.069, 102321692.037527, 110166935.802442,  -1362915.890808,  -2243787.485660,   -919791.984835,   1360326.049973,         7.580335,         3.161419,        -4.597655,   2774107.000000,       -18.500000,        10.500000,         9.412460,        -0.793798,        -0.606239,         0.048574,        -0.173310,         0.148925,        -0.973543,         0.582965,        -0.781214,        -0.223283
2009-11-09T22:08:58.069, 102320731.328060, 110167475.243920,  -1362768.745872,  -2243544.914991,   -919690.819482,   1360178.924985,         7.580332,         3.161415,        -4.597657,   2773806.000000,       -18.500000,        10.400000,         9.412460,        -0.793794,        -0.606245,         0.048573,        -0.173311,         0.148924,        -0.973543,         0.582971,        -0.781210,        -0.223284
2009-11-09T22:09:30.069, 102319770.614460, 110168014.680977,  -1362621.600854,  -2243302.344399,   -919589.654249,   1360031.799915,         7.580330,         3.161412,        -4.597660,   2773505.000000,       -18.500000,        10.300000,         9.412460,        -0.793789,        -0.606250,         0.048572,        -0.173311,         0.148924,        -0.973542,         0.582977,        -0.781206,        -0.223284
2009-11-09T22:10:02.069, 102318809.896727, 110168554.113611,  -1362474.455757,  -2243059.773883,   -919488.489136,   1359884.674763,         7.580327,         3.161408,        -4.597662,   2773204.000000,       -18.500000,        10.100000,         9.412460,        -0.793785,        -0.606256,         0.048572,        -0.173312,         0.148923,        -0.973542,         0.582982,        -0.781201,        -0.223284
2009-11-09T22:10:34.069, 102317849.174860, 110169093.541824,  -1362327.310579,  -2242817.203444,   -919387.324144,   1359737.549529,         7.580325,         3.161404,        -4.597665,   2772902.000000,       -18.500000,        10.000000,         9.412460,        -0.793781,        -0.606262,         0.048571,        -0.173312,         0.148923,        -0.973542,         0.582988,        -0.781197,        -0.223284
2009-11-09T22:11:06.069, 102316888.448860, 110169632.965614,  -1362180.165320,  -2242574.633081,   -919286.159272,   1359590.424212,         7.580323,         3.161400,        -4.597667,   2772601.000000,       -18.500000,         9.900000,         9.412450,        -0.793776,        -0.606267,         0.048570,        -0.173313,         0.148922,        -0.973542,         0.582994,        -0.781193,        -0.223285
2009-11-09T22:11:38.069, 102315927.718725, 110170172.384984,  -1362033.019980,  -2242332.062795,   -919184.994521,   1359443.298814,         7.580320,         3.161397,        -4.597670,   2772300.000000,       -18.500000,         9.700000,         9.412450,        -0.793772,        -0.606273,         0.048569,        -0.173313,         0.148922,        -0.973542,         0.583000,        -0.781188,        -0.223285
2009-11-09T22:12:10.069, 102314966.984457, 110170711.799931,  -1361885.874560,  -2242089.492586,   -919083.829890,   1359296.173334,         7.580318,         3.161393,        -4.597673,   2771999.000000,       -18.500000,         9.600000,         9.412450,        -0.793768,        -0.606279,         0.048568,        -0.173313,         0.148921,        -0.973542,         0.583005,        -0.781184,        -0.223285
2009-11-09T22:12:42.069, 102314006.246057, 110171251.210456,  -1361738.729060,  -2241846.922454,   -918982.665379,   1359149.047772,         7.580315,         3.161389,        -4.597675,   2771698.000000,       -18.500000,         9.500000,         9.412450,        -0.793764,        -0.606284,         0.048567,        -0.173314,         0.148921,        -0.973542,         0.583011,        -0.781180,        -0.223285
2009-11-09T22:13:14.069, 102313045.503523, 110171790.616559,  -1361591.583479,  -2241604.352398,   -918881.500989,   1359001.922128,         7.580313,         3.161385,        -4.597678,   2771396.000000,       -18.500000,         9.300000,         9.412450,        -0.793759,        -0.606290,         0.048566,        -0.173314,         0.148920,        -0.973542,         0.583017,        -0.781175,        -0.223286
2009-11-09T22:13:46.069, 102312084.756855, 110172330.018240,  -1361444.437817,  -2241361.782419,   -918780.336719,   1358854.796402,         7.580311,         3.161382,        -4.597680,   2771095.000000,       -18.500000,         9.200000,         9.412440,        -0.793755,        -0.606296,         0.048565,        -0.173315,         0.148920,        -0.973542,         0.583022,        -0.781171,        -0.223286
2009-11-09T22:14:18.069, 102311124.006054, 110172869.415498,  -1361297.292075,  -2241119.212516,   -918679.172570,   1358707.670594,         7.580308,         3.161378,        -4.597683,   2770794.000000,       -18.500000,         9.100000,         9.412440,        -0.793751,        -0.606301,         0.048564,        -0.173315,         0.148919,        -0.973542,         0.583028,        -0.781167,        -0.223286
2009-11-09T22:14:50.069, 102310163.251120, 110173408.808334,  -1361150.146252,  -2240876.642690,   -918578.008541,   1358560.544704,         7.580306,         3.161374,        -4.597685,   2770493.000000,       -18.500000,         8.900000,         9.412440,        -0.793746,        -0.606307,         0.048563,        -0.173316,         0.148919,        -0.973542,         0.583034,        -0.781162,        -0.223286
2009-11-09T22:15:22.069, 102309202.492052, 110173948.196748,  -1361003.000348,  -2240634.072940,   -918476.844632,   1358413.418732,         7.580303,         3.161370,        -4.597688,   2770192.000000,       -18.500000,         8.800000,         9.412440,        -0.793742,        -0.606313,         0.048562,        -0.173316,         0.148918,        -0.973542,         0.583039,        -0.781158,        -0.223287
2009-11-09T22:15:54.069, 102308241.728851, 110174487.580740,  -1360855.854364,  -2240391.503267,   -918375.680844,   1358266.292678,         7.580301,         3.161367,        -4.597690,   2769890.000000,       -18.500000,         8.700000,         9.412440,        -0.793738,        -0.606319,         0.048561,        -0.173317,         0.148918,        -0.973542,         0.583045,        -0.781154,        -0.223287
2009-11-09T22:16:26.069, 102307280.961516, 110175026.960310,  -1360708.708300,  -2240148.933670,   -918274.517175,   1358119.166542,         7.580299,         3.161363,        -4.597693,   2769589.000000,       -18.500000,         8.500000,         9.412430,        -0.793733,        -0.606324,         0.048560,        -0.173317,         0.148917,        -0.973542,         0.583051,        -0.781150,        -0.223287
2009-11-09T22:16:58.069, 102306320.190046, 110175566.335458,  -1360561.562154,  -2239906.364150,   -918173.353627,   1357972.040324,         7.580296,         3.161359,        -4.597696,   2769288.000000,       -18.500000,         8.400000,         9.412430,        -0.793729,        -0.606330,         0.048559,        -0.173318,         0.148917,        -0.973542,         0.583057,        -0.781145,        -0.223287
2009-11-09T22:17:30.069, 102305359.414445, 110176105.706182,  -1360414.415929,  -2239663.794706,   -918072.190200,   1357824.914025,         7.580294,         3.161355,        -4.597698,   2768987.000000,       -18.500000,         8.300000,         9.412430,        -0.793725,        -0.606336,         0.048558,        -0.173318,         0.148916,        -0.973542,         0.583062,        -0.781141,        -0.223288
2009-11-09T22:18:02.069, 102304398.634710, 110176645.072484,  -1360267.269622,  -2239421.225339,   -917971.026892,   1357677.787643,         7.580292,         3.161351,        -4.597701,   2768686.000000,       -18.500000,         8.100000,         9.412430,        -0.793721,        -0.606341,         0.048558,        -0.173319,         0.148916,        -0.973542,         0.583068,        -0.781137,        -0.223288
2009-11-09T22:18:34.069, 102303437.850842, 110177184.434364,  -1360120.123236,  -2239178.656048,   -917869.863705,   1357530.661179,         7.580289,         3.161348,        -4.597703,   2768384.000000,       -18.500000,         8.000000,         9.412430,        -0.793716,        -0.606347,         0.048557,        -0.173319,         0.148915,        -0.973542,         0.583074,        -0.781132,        -0.223288
2009-11-09T22:19:06.069, 102302477.062840, 110177723.791821,  -1359972.976768,  -2238936.086834,   -917768.700638,   1357383.534633,         7.580287,         3.161344,        -4.597706,   2768083.000000,       -18.500000,         7.900000,         9.412420,        -0.793712,        -0.606353,         0.048556,        -0.173320,         0.148915,        -0.973542,         0.583079,        -0.781128,        -0.223288
