2009-11-16T00:00:26.111,  85782687.581812, 119799162.038153,    689589.255597,   1964971.426411,   -673414.361331,   -692166.792502,         8.413228,        -2.931770,        -2.945705,   2183076.000000,        24.300000,       115.000000,         9.383760,        -0.527523,        -0.849027,        -0.029532,        -0.286413,         0.210468,        -0.934703,         0.799804,        -0.484620,        -0.354199
2009-11-16T00:00:58.111,  85781635.102792, 119799817.899898,    689683.496177,   1965240.649646,   -673508.177935,   -692261.055049,         8.413224,        -2.931767,        -2.945704,   2183377.000000,        24.300000,       114.900000,         9.383750,        -0.527507,        -0.849037,        -0.029536,        -0.286407,         0.210461,        -0.934707,         0.799817,        -0.484606,        -0.354190
2009-11-16T00:01:30.111,  85780582.620205, 119800473.756527,    689777.736701,   1965509.872743,   -673601.994445,   -692355.317543,         8.413220,        -2.931764,        -2.945702,   2183677.000000,        24.300000,       114.700000,         9.383740,        -0.527491,        -0.849047,        -0.029540,        -0.286401,         0.210453,        -0.934711,         0.799830,        -0.484592,        -0.354180
2009-11-16T00:02:02.111,  85779530.134052, 119801129.608040,    689871.977169,   1965779.095700,   -673695.810861,   -692449.579982,         8.413215,        -2.931762,        -2.945700,   2183977.000000,        24.300000,       114.600000,         9.383740,        -0.527475,        -0.849057,        -0.029544,        -0.286394,         0.210446,        -0.934714,         0.799843,        -0.484577,        -0.354170
2009-11-16T00:02:34.111,  85778477.644331, 119801785.454438,    689966.217579,   1966048.318518,   -673789.627183,   -692543.842368,         8.413211,        -2.931759,        -2.945699,   2184277.000000,        24.300000,       114.500000,         9.383730,        -0.527459,        -0.849066,        -0.029547,        -0.286388,         0.210439,        -0.934718,         0.799856,        -0.484563,        -0.354160
2009-11-16T00:03:06.111,  85777425.151044, 119802441.295719,    690060.457933,   1966317.541197,   -673883.443411,   -692638.104700,         8.413207,        -2.931756,        -2.945697,   2184578.000000,        24.300000,       114.300000,         9.383730,        -0.527443,        -0.849076,        -0.029551,        -0.286382,         0.210431,        -0.934722,         0.799868,        -0.484549,        -0.354150
2009-11-16T00:03:38.111,  85776372.654191, 119803097.131885,    690154.698231,   1966586.763736,   -673977.259544,   -692732.366977,         8.413202,        -2.931753,        -2.945695,   2184878.000000,        24.300000,       114.200000,         9.383720,        -0.527427,        -0.849086,        -0.029555,        -0.286375,         0.210424,        -0.934725,         0.799881,        -0.484535,        -0.354140
2009-11-16T00:04:10.111,  85775320.153769, 119803752.962935,    690248.938472,   1966855.986137,   -674071.075584,   -692826.629201,         8.413198,        -2.931750,        -2.945694,   2185178.000000,        24.300000,       114.100000,         9.383720,        -0.527411,        -0.849096,        -0.029559,        -0.286369,         0.210416,        -0.934729,         0.799894,        -0.484521,        -0.354131
2009-11-16T00:04:42.111,  85774267.649783, 119804408.788869,    690343.178656,   1967125.208399,   -674164.891529,   -692920.891371,         8.413193,        -2.931747,        -2.945692,   2185478.000000,        24.300000,       113.900000,         9.383710,        -0.527395,        -0.849106,        -0.029563,        -0.286363,         0.210409,        -0.934732,         0.799907,        -0.484507,        -0.354121
2009-11-16T00:05:14.111,  85773215.142230, 119805064.609686,    690437.418784,   1967394.430521,   -674258.707381,   -693015.153487,         8.413189,        -2.931744,        -2.945690,   2185779.000000,        24.300000,       113.800000,         9.383710,        -0.527379,        -0.849116,        -0.029566,        -0.286356,         0.210401,        -0.934736,         0.799920,        -0.484493,        -0.354111
2009-11-16T00:05:46.111,  85772162.631110, 119805720.425388,    690531.658855,   1967663.652504,   -674352.523138,   -693109.415549,         8.413185,        -2.931741,        -2.945689,   2186079.000000,        24.300000,       113.700000,         9.383700,        -0.527363,        -0.849126,        -0.029570,        -0.286350,         0.210394,        -0.934739,         0.799933,        -0.484479,        -0.354101
2009-11-16T00:06:18.111,  85771110.116424, 119806376.235973,    690625.898869,   1967932.874348,   -674446.338801,   -693203.677557,         8.413180,        -2.931738,        -2.945687,   2186379.000000,        24.300000,       113.500000,         9.383700,        -0.527347,        -0.849135,        -0.029574,        -0.286344,         0.210387,        -0.934743,         0.799945,        -0.484465,        -0.354091
2009-11-16T00:06:50.111,  85770057.598172, 119807032.041442,    690720.138827,   1968202.096053,   -674540.154370,   -693297.939511,         8.413176,        -2.931735,        -2.945685,   2186680.000000,        24.300000,       113.400000,         9.383690,        -0.527331,        -0.849145,        -0.029578,        -0.286338,         0.210379,        -0.934747,         0.799958,        -0.484451,        -0.354082
2009-11-16T00:07:22.111,  85769005.076353, 119807687.841795,    690814.378729,   1968471.317619,   -674633.969844,   -693392.201411,         8.413172,        -2.931732,        -2.945684,   2186980.000000,        24.300000,       113.300000,         9.383690,        -0.527314,        -0.849155,        -0.029582,        -0.286331,         0.210372,        -0.934750,         0.799971,        -0.484437,        -0.354072
2009-11-16T00:07:54.111,  85767952.550968, 119808343.637032,    690908.618573,   1968740.539045,   -674727.785225,   -693486.463258,         8.413167,        -2.931729,        -2.945682,   2187280.000000,        24.300000,       113.100000,         9.383680,        -0.527298,        -0.849165,        -0.029586,        -0.286325,         0.210364,        -0.934754,         0.799984,        -0.484423,        -0.354062
2009-11-16T00:08:26.111,  85766900.022016, 119808999.427153,    691002.858361,   1969009.760333,   -674821.600512,   -693580.725050,         8.413163,        -2.931726,        -2.945680,   2187580.000000,        24.300000,       113.000000,         9.383680,        -0.527282,        -0.849175,        -0.029590,        -0.286319,         0.210357,        -0.934757,         0.799997,        -0.484409,        -0.354052
2009-11-16T00:08:58.111,  85765847.489496, 119809655.212158,    691097.098093,   1969278.981482,   -674915.415704,   -693674.986789,         8.413159,        -2.931723,        -2.945678,   2187881.000000,        24.300000,       112.900000,         9.383670,        -0.527266,        -0.849185,        -0.029593,        -0.286313,         0.210350,        -0.934761,         0.800010,        -0.484395,        -0.354042
2009-11-16T00:09:30.111,  85764794.953411, 119810310.992046,    691191.337768,   1969548.202492,   -675009.230802,   -693769.248473,         8.413154,        -2.931720,        -2.945677,   2188181.000000,        24.300000,       112.700000,         9.383660,        -0.527250,        -0.849194,        -0.029597,        -0.286306,         0.210342,        -0.934765,         0.800022,        -0.484381,        -0.354033
2009-11-16T00:10:02.111,  85763742.413760, 119810966.766818,    691285.577387,   1969817.423363,   -675103.045807,   -693863.510104,         8.413150,        -2.931717,        -2.945675,   2188481.000000,        24.300000,       112.600000,         9.383660,        -0.527234,        -0.849204,        -0.029601,        -0.286300,         0.210335,        -0.934768,         0.800035,        -0.484367,        -0.354023
2009-11-16T00:10:34.111,  85762689.870543, 119811622.536474,    691379.816948,   1970086.644095,   -675196.860717,   -693957.771680,         8.413146,        -2.931714,        -2.945673,   2188781.000000,        24.300000,       112.500000,         9.383650,        -0.527218,        -0.849214,        -0.029605,        -0.286294,         0.210327,        -0.934772,         0.800048,        -0.484353,        -0.354013
2009-11-16T00:11:06.111,  85761637.323760, 119812278.301013,    691474.056454,   1970355.864688,   -675290.675532,   -694052.033203,         8.413141,        -2.931712,        -2.945672,   2189082.000000,        24.300000,       112.300000,         9.383650,        -0.527202,        -0.849224,        -0.029609,        -0.286287,         0.210320,        -0.934775,         0.800061,        -0.484339,        -0.354003
2009-11-16T00:11:38.111,  85760584.773410, 119812934.060436,    691568.295902,   1970625.085142,   -675384.490254,   -694146.294672,         8.413137,        -2.931709,        -2.945670,   2189382.000000,        24.300000,       112.200000,         9.383640,        -0.527186,        -0.849234,        -0.029612,        -0.286281,         0.210313,        -0.934779,         0.800074,        -0.484325,        -0.353994
2009-11-16T00:12:10.111,  85759532.219494, 119813589.814742,    691662.535295,   1970894.305457,   -675478.304882,   -694240.556087,         8.413133,        -2.931706,        -2.945668,   2189682.000000,        24.300000,       112.100000,         9.383640,        -0.527170,        -0.849243,        -0.029616,        -0.286275,         0.210305,        -0.934783,         0.800086,        -0.484311,        -0.353984
2009-11-16T00:12:42.111,  85758479.662011, 119814245.563932,    691756.774630,   1971163.525633,   -675572.119415,   -694334.817448,         8.413128,        -2.931703,        -2.945667,   2189983.000000,        24.300000,       111.900000,         9.383630,        -0.527154,        -0.849253,        -0.029620,        -0.286269,         0.210298,        -0.934786,         0.800099,        -0.484297,        -0.353974
2009-11-16T00:13:14.111,  85757427.100961, 119814901.308006,    691851.013910,   1971432.745671,   -675665.933855,   -694429.078756,         8.413124,        -2.931700,        -2.945665,   2190283.000000,        24.300000,       111.800000,         9.383630,        -0.527138,        -0.849263,        -0.029624,        -0.286262,         0.210290,        -0.934790,         0.800112,        -0.484283,        -0.353964
2009-11-16T00:13:46.111,  85756374.536346, 119815557.046963,    691945.253132,   1971701.965569,   -675759.748200,   -694523.340009,         8.413120,        -2.931697,        -2.945663,   2190583.000000,        24.300000,       111.700000,         9.383620,        -0.527122,        -0.849273,        -0.029628,        -0.286256,         0.210283,        -0.934793,         0.800125,        -0.484269,        -0.353954
2009-11-16T00:14:18.111,  85755321.968165, 119816212.780804,    692039.492298,   1971971.185329,   -675853.562451,   -694617.601209,         8.413115,        -2.931694,        -2.945662,   2190883.000000,        24.300000,       111.500000,         9.383620,        -0.527106,        -0.849283,        -0.029632,        -0.286250,         0.210276,        -0.934797,         0.800138,        -0.484255,        -0.353945
2009-11-16T00:14:50.111,  85754269.396417, 119816868.509528,    692133.731408,   1972240.404949,   -675947.376608,   -694711.862354,         8.413111,        -2.931691,        -2.945660,   2191184.000000,        24.300000,       111.400000,         9.383610,        -0.527090,        -0.849292,        -0.029635,        -0.286244,         0.210268,        -0.934800,         0.800150,        -0.484241,        -0.353935
2009-11-16T00:15:22.111,  85753216.821104, 119817524.233135,    692227.970461,   1972509.624431,   -676041.190670,   -694806.123446,         8.413107,        -2.931688,        -2.945658,   2191484.000000,        24.300000,       111.300000,         9.383610,        -0.527074,        -0.849302,        -0.029639,        -0.286237,         0.210261,        -0.934804,         0.800163,        -0.484227,        -0.353925
2009-11-16T00:15:54.111,  85752164.242224, 119818179.951625,    692322.209457,   1972778.843774,   -676135.004639,   -694900.384484,         8.413102,        -2.931685,        -2.945657,   2191784.000000,        24.300000,       111.100000,         9.383600,        -0.527058,        -0.849312,        -0.029643,        -0.286231,         0.210254,        -0.934808,         0.800176,        -0.484213,        -0.353915
2009-11-16T00:16:26.111,  85751111.659779, 119818835.664999,    692416.448397,   1973048.062979,   -676228.818513,   -694994.645468,         8.413098,        -2.931682,        -2.945655,   2192084.000000,        24.300000,       111.000000,         9.383600,        -0.527042,        -0.849322,        -0.029647,        -0.286225,         0.210246,        -0.934811,         0.800189,        -0.484199,        -0.353906
2009-11-16T00:16:58.111,  85750059.073767, 119819491.373257,    692510.687280,   1973317.282044,   -676322.632294,   -695088.906398,         8.413094,        -2.931679,        -2.945653,   2192385.000000,        24.300000,       110.800000,         9.383590,        -0.527026,        -0.849332,        -0.029650,        -0.286219,         0.210239,        -0.934815,         0.800201,        -0.484185,        -0.353896
2009-11-16T00:17:30.111,  85749006.484189, 119820147.076397,    692604.926107,   1973586.500971,   -676416.445980,   -695183.167274,         8.413089,        -2.931676,        -2.945652,   2192685.000000,        24.300000,       110.700000,         9.383580,        -0.527010,        -0.849341,        -0.029654,        -0.286212,         0.210231,        -0.934818,         0.800214,        -0.484171,        -0.353886
2009-11-16T00:18:02.111,  85747953.891042, 119820802.774422,    692699.164878,   1973855.719760,   -676510.259572,   -695277.428097,         8.413085,        -2.931673,        -2.945650,   2192985.000000,        24.300000,       110.600000,         9.383580,        -0.526994,        -0.849351,        -0.029658,        -0.286206,         0.210224,        -0.934822,         0.800227,        -0.484157,        -0.353876
2009-11-16T00:18:34.111,  85746901.294332, 119821458.467330,    692793.403591,   1974124.938409,   -676604.073069,   -695371.688865,         8.413081,        -2.931670,        -2.945648,   2193286.000000,        24.300000,       110.400000,         9.383570,        -0.526978,        -0.849361,        -0.029662,        -0.286200,         0.210217,        -0.934825,         0.800240,        -0.484143,        -0.353867
2009-11-16T00:19:06.111,  85745848.694056, 119822114.155120,    692887.642249,   1974394.156920,   -676697.886473,   -695465.949580,         8.413076,        -2.931667,        -2.945646,   2193586.000000,        24.300000,       110.300000,         9.383570,        -0.526962,        -0.849371,        -0.029666,        -0.286194,         0.210209,        -0.934829,         0.800252,        -0.484130,        -0.353857
2009-11-16T00:19:38.111,  85744796.090214, 119822769.837793,    692981.880849,   1974663.375292,   -676791.699782,   -695560.210241,         8.413072,        -2.931664,        -2.945645,   2193886.000000,        24.300000,       110.200000,         9.383560,        -0.526946,        -0.849381,        -0.029670,        -0.286187,         0.210202,        -0.934833,         0.800265,        -0.484116,        -0.353847
2009-11-16T00:20:10.111,  85743743.482805, 119823425.515350,    693076.119394,   1974932.593525,   -676885.512998,   -695654.470848,         8.413068,        -2.931662,        -2.945643,   2194186.000000,        24.300000,       110.000000,         9.383560,        -0.526930,        -0.849390,        -0.029673,        -0.286181,         0.210195,        -0.934836,         0.800278,        -0.484102,        -0.353837
2009-11-16T00:20:42.111,  85742690.871831, 119824081.187790,    693170.357882,   1975201.811620,   -676979.326119,   -695748.731401,         8.413063,        -2.931659,        -2.945641,   2194487.000000,        24.300000,       109.900000,         9.383550,        -0.526914,        -0.849400,        -0.029677,        -0.286175,         0.210187,        -0.934840,         0.800291,        -0.484088,        -0.353828
2009-11-16T00:21:14.111,  85741638.257291, 119824736.855113,    693264.596313,   1975471.029576,   -677073.139146,   -695842.991900,         8.413059,        -2.931656,        -2.945640,   2194787.000000,        24.300000,       109.800000,         9.383550,        -0.526898,        -0.849410,        -0.029681,        -0.286169,         0.210180,        -0.934843,         0.800303,        -0.484074,        -0.353818
2009-11-16T00:21:46.111,  85740585.639184, 119825392.517319,    693358.834688,   1975740.247394,   -677166.952078,   -695937.252346,         8.413055,        -2.931653,        -2.945638,   2195087.000000,        24.300000,       109.600000,         9.383540,        -0.526882,        -0.849420,        -0.029685,        -0.286163,         0.210172,        -0.934847,         0.800316,        -0.484060,        -0.353808
2009-11-16T00:22:18.111,  85739533.017510, 119826048.174409,    693453.073006,   1976009.465073,   -677260.764917,   -696031.512738,         8.413050,        -2.931650,        -2.945636,   2195387.000000,        24.300000,       109.500000,         9.383540,        -0.526867,        -0.849429,        -0.029688,        -0.286156,         0.210165,        -0.934850,         0.800329,        -0.484046,        -0.353799
2009-11-16T00:22:50.111,  85738480.392272, 119826703.826381,    693547.311268,   1976278.682613,   -677354.577661,   -696125.773075,         8.413046,        -2.931647,        -2.945635,   2195688.000000,        24.300000,       109.400000,         9.383530,        -0.526851,        -0.849439,        -0.029692,        -0.286150,         0.210158,        -0.934854,         0.800342,        -0.484032,        -0.353789
2009-11-16T00:23:22.111,  85737427.763468, 119827359.473236,    693641.549473,   1976547.900015,   -677448.390312,   -696220.033359,         8.413042,        -2.931644,        -2.945633,   2195988.000000,        24.300000,       109.200000,         9.383530,        -0.526835,        -0.849449,        -0.029696,        -0.286144,         0.210150,        -0.934857,         0.800354,        -0.484018,        -0.353779
2009-11-16T00:23:54.111,  85736375.131098, 119828015.114974,    693735.787622,   1976817.117278,   -677542.202868,   -696314.293589,         8.413037,        -2.931641,        -2.945631,   2196288.000000,        24.300000,       109.100000,         9.383520,        -0.526819,        -0.849459,        -0.029700,        -0.286138,         0.210143,        -0.934861,         0.800367,        -0.484004,        -0.353769
2009-11-16T00:24:26.111,  85735322.495162, 119828670.751595,    693830.025715,   1977086.334403,   -677636.015329,   -696408.553766,         8.413033,        -2.931638,        -2.945630,   2196588.000000,        24.300000,       109.000000,         9.383520,        -0.526803,        -0.849468,        -0.029704,        -0.286131,         0.210136,        -0.934865,         0.800380,        -0.483990,        -0.353760
2009-11-16T00:24:58.111,  85734269.855660, 119829326.383099,    693924.263750,   1977355.551389,   -677729.827697,   -696502.813888,         8.413029,        -2.931635,        -2.945628,   2196889.000000,        24.300000,       108.800000,         9.383510,        -0.526787,        -0.849478,        -0.029707,        -0.286125,         0.210128,        -0.934868,         0.800392,        -0.483976,        -0.353750
2009-11-16T00:25:30.111,  85733217.212593, 119829982.009485,    694018.501730,   1977624.768236,   -677823.639970,   -696597.073957,         8.413024,        -2.931632,        -2.945626,   2197189.000000,        24.300000,       108.700000,         9.383500,        -0.526771,        -0.849488,        -0.029711,        -0.286119,         0.210121,        -0.934872,         0.800405,        -0.483962,        -0.353740
2009-11-16T00:26:02.111,  85732164.565959, 119830637.630755,    694112.739653,   1977893.984945,   -677917.452150,   -696691.333972,         8.413020,        -2.931629,        -2.945625,   2197489.000000,        24.300000,       108.600000,         9.383500,        -0.526755,        -0.849498,        -0.029715,        -0.286113,         0.210114,        -0.934875,         0.800418,        -0.483948,        -0.353731
2009-11-16T00:26:34.111,  85731111.915760, 119831293.246907,    694206.977519,   1978163.201516,   -678011.264235,   -696785.593933,         8.413016,        -2.931626,        -2.945623,   2197790.000000,        24.300000,       108.400000,         9.383490,        -0.526739,        -0.849507,        -0.029719,        -0.286107,         0.210106,        -0.934879,         0.800430,        -0.483935,        -0.353721
2009-11-16T00:27:06.111,  85730059.261993, 119831948.857944,    694301.215330,   1978432.417949,   -678105.076225,   -696879.853841,         8.413011,        -2.931623,        -2.945621,   2198090.000000,        24.300000,       108.300000,         9.383490,        -0.526723,        -0.849517,        -0.029722,        -0.286100,         0.210099,        -0.934882,         0.800443,        -0.483921,        -0.353711
2009-11-16T00:27:38.111,  85729006.604662, 119832604.463861,    694395.453083,   1978701.634242,   -678198.888122,   -696974.113694,         8.413007,        -2.931620,        -2.945620,   2198390.000000,        24.300000,       108.200000,         9.383480,        -0.526707,        -0.849527,        -0.029726,        -0.286094,         0.210092,        -0.934886,         0.800456,        -0.483907,        -0.353701
2009-11-16T00:28:10.111,  85727953.943766, 119833260.064662,    694489.690780,   1978970.850398,   -678292.699924,   -697068.373494,         8.413003,        -2.931617,        -2.945618,   2198690.000000,        24.300000,       108.000000,         9.383480,        -0.526691,        -0.849537,        -0.029730,        -0.286088,         0.210084,        -0.934889,         0.800469,        -0.483893,        -0.353692
2009-11-16T00:28:42.111,  85726901.279304, 119833915.660345,    694583.928421,   1979240.066415,   -678386.511633,   -697162.633240,         8.412998,        -2.931614,        -2.945616,   2198991.000000,        24.300000,       107.900000,         9.383470,        -0.526675,        -0.849546,        -0.029734,        -0.286082,         0.210077,        -0.934893,         0.800481,        -0.483879,        -0.353682
2009-11-16T00:29:14.111,  85725848.611276, 119834571.250911,    694678.166005,   1979509.282293,   -678480.323247,   -697256.892932,         8.412994,        -2.931611,        -2.945615,   2199291.000000,        24.300000,       107.800000,         9.383470,        -0.526660,        -0.849556,        -0.029737,        -0.286076,         0.210070,        -0.934897,         0.800494,        -0.483865,        -0.353672
2009-11-16T00:29:46.111,  85724795.939682, 119835226.836360,    694772.403533,   1979778.498033,   -678574.134766,   -697351.152570,         8.412990,        -2.931609,        -2.945613,   2199591.000000,        24.300000,       107.600000,         9.383460,        -0.526644,        -0.849566,        -0.029741,        -0.286069,         0.210062,        -0.934900,         0.800507,        -0.483851,        -0.353663
2009-11-16T00:30:18.111,  85723743.264523, 119835882.416691,    694866.641005,   1980047.713635,   -678667.946192,   -697445.412155,         8.412985,        -2.931606,        -2.945611,   2199891.000000,        24.300000,       107.500000,         9.383460,        -0.526628,        -0.849575,        -0.029745,        -0.286063,         0.210055,        -0.934904,         0.800519,        -0.483837,        -0.353653
2009-11-16T00:30:50.111,  85722690.585798, 119836537.991905,    694960.878420,   1980316.929098,   -678761.757523,   -697539.671686,         8.412981,        -2.931603,        -2.945609,   2200192.000000,        24.300000,       107.400000,         9.383450,        -0.526612,        -0.849585,        -0.029749,        -0.286057,         0.210048,        -0.934907,         0.800532,        -0.483823,        -0.353643
2009-11-16T00:31:22.111,  85721637.903505, 119837193.562002,    695055.115778,   1980586.144424,   -678855.568761,   -697633.931163,         8.412977,        -2.931600,        -2.945608,   2200492.000000,        24.300000,       107.200000,         9.383450,        -0.526596,        -0.849595,        -0.029752,        -0.286051,         0.210040,        -0.934911,         0.800545,        -0.483809,        -0.353634
2009-11-16T00:31:54.111,  85720585.217649, 119837849.126981,    695149.353080,   1980855.359611,   -678949.379904,   -697728.190586,         8.412972,        -2.931597,        -2.945606,   2200792.000000,        24.300000,       107.100000,         9.383440,        -0.526580,        -0.849605,        -0.029756,        -0.286045,         0.210033,        -0.934914,         0.800557,        -0.483796,        -0.353624
2009-11-16T00:32:26.111,  85719532.528227, 119838504.686842,    695243.590326,   1981124.574659,   -679043.190952,   -697822.449955,         8.412968,        -2.931594,        -2.945604,   2201092.000000,        24.300000,       107.000000,         9.383440,        -0.526564,        -0.849614,        -0.029760,        -0.286038,         0.210026,        -0.934918,         0.800570,        -0.483782,        -0.353614
2009-11-16T00:32:58.111,  85718479.835240, 119839160.241586,    695337.827515,   1981393.789569,   -679137.001907,   -697916.709271,         8.412964,        -2.931591,        -2.945603,   2201393.000000,        24.300000,       106.800000,         9.383430,        -0.526548,        -0.849624,        -0.029764,        -0.286032,         0.210018,        -0.934921,         0.800583,        -0.483768,        -0.353605
2009-11-16T00:33:30.111,  85717427.138687, 119839815.791212,    695432.064648,   1981663.004341,   -679230.812767,   -698010.968533,         8.412959,        -2.931588,        -2.945601,   2201693.000000,        24.300000,       106.700000,         9.383420,        -0.526532,        -0.849634,        -0.029767,        -0.286026,         0.210011,        -0.934925,         0.800595,        -0.483754,        -0.353595
2009-11-16T00:34:02.111,  85716374.438568, 119840471.335721,    695526.301724,   1981932.218975,   -679324.623533,   -698105.227741,         8.412955,        -2.931585,        -2.945599,   2201993.000000,        24.300000,       106.600000,         9.383420,        -0.526517,        -0.849643,        -0.029771,        -0.286020,         0.210004,        -0.934928,         0.800608,        -0.483740,        -0.353585
2009-11-16T00:34:34.111,  85715321.734884, 119841126.875112,    695620.538744,   1982201.433470,   -679418.434205,   -698199.486896,         8.412951,        -2.931582,        -2.945598,   2202294.000000,        24.300000,       106.400000,         9.383410,        -0.526501,        -0.849653,        -0.029775,        -0.286014,         0.209996,        -0.934932,         0.800621,        -0.483726,        -0.353576
2009-11-16T00:35:06.111,  85714269.027634, 119841782.409385,    695714.775708,   1982470.647828,   -679512.244782,   -698293.745996,         8.412947,        -2.931579,        -2.945596,   2202594.000000,        24.300000,       106.300000,         9.383410,        -0.526485,        -0.849663,        -0.029779,        -0.286008,         0.209989,        -0.934935,         0.800633,        -0.483712,        -0.353566
2009-11-16T00:35:38.111,  85713216.316817, 119842437.938542,    695809.012615,   1982739.862047,   -679606.055266,   -698388.005043,         8.412942,        -2.931576,        -2.945594,   2202894.000000,        24.300000,       106.200000,         9.383400,        -0.526469,        -0.849673,        -0.029782,        -0.286001,         0.209982,        -0.934939,         0.800646,        -0.483699,        -0.353556
2009-11-16T00:36:10.111,  85712163.602437, 119843093.462580,    695903.249466,   1983009.076128,   -679699.865655,   -698482.264037,         8.412938,        -2.931573,        -2.945593,   2203194.000000,        24.300000,       106.000000,         9.383400,        -0.526453,        -0.849682,        -0.029786,        -0.285995,         0.209974,        -0.934943,         0.800658,        -0.483685,        -0.353547
2009-11-16T00:36:42.111,  85711110.884491, 119843748.981500,    695997.486261,   1983278.290071,   -679793.675949,   -698576.522976,         8.412934,        -2.931570,        -2.945591,   2203495.000000,        24.300000,       105.900000,         9.383390,        -0.526437,        -0.849692,        -0.029790,        -0.285989,         0.209967,        -0.934946,         0.800671,        -0.483671,        -0.353537
2009-11-16T00:37:14.111,  85710058.162979, 119844404.495302,    696091.722998,   1983547.503875,   -679887.486150,   -698670.781862,         8.412929,        -2.931567,        -2.945589,   2203795.000000,        24.300000,       105.800000,         9.383390,        -0.526421,        -0.849702,        -0.029794,        -0.285983,         0.209960,        -0.934950,         0.800684,        -0.483657,        -0.353527
2009-11-16T00:37:46.111,  85709005.437902, 119845060.003987,    696185.959680,   1983816.717542,   -679981.296256,   -698765.040694,         8.412925,        -2.931564,        -2.945588,   2204095.000000,        24.300000,       105.600000,         9.383380,        -0.526406,        -0.849711,        -0.029797,        -0.285977,         0.209952,        -0.934953,         0.800696,        -0.483643,        -0.353518
2009-11-16T00:38:18.111,  85707952.709260, 119845715.507554,    696280.196305,   1984085.931070,   -680075.106268,   -698859.299472,         8.412921,        -2.931561,        -2.945586,   2204395.000000,        24.300000,       105.500000,         9.383380,        -0.526390,        -0.849721,        -0.029801,        -0.285970,         0.209945,        -0.934957,         0.800709,        -0.483629,        -0.353508
2009-11-16T00:38:50.111,  85706899.977052, 119846371.006003,    696374.432874,   1984355.144460,   -680168.916186,   -698953.558196,         8.412916,        -2.931558,        -2.945584,   2204696.000000,        24.300000,       105.400000,         9.383370,        -0.526374,        -0.849731,        -0.029805,        -0.285964,         0.209938,        -0.934960,         0.800722,        -0.483615,        -0.353498
2009-11-16T00:39:22.111,  85705847.241279, 119847026.499334,    696468.669387,   1984624.357712,   -680262.726010,   -699047.816867,         8.412912,        -2.931556,        -2.945583,   2204996.000000,        24.300000,       105.200000,         9.383370,        -0.526358,        -0.849740,        -0.029809,        -0.285958,         0.209930,        -0.934964,         0.800734,        -0.483602,        -0.353489
2009-11-16T00:39:54.111,  85704794.501941, 119847681.987547,    696562.905843,   1984893.570826,   -680356.535739,   -699142.075484,         8.412908,        -2.931553,        -2.945581,   2205296.000000,        24.300000,       105.100000,         9.383360,        -0.526342,        -0.849750,        -0.029812,        -0.285952,         0.209923,        -0.934967,         0.800747,        -0.483588,        -0.353479
2009-11-16T00:40:26.111,  85703741.759035, 119848337.470643,    696657.142242,   1985162.783802,   -680450.345374,   -699236.334047,         8.412903,        -2.931550,        -2.945579,   2205596.000000,        24.300000,       105.000000,         9.383360,        -0.526326,        -0.849760,        -0.029816,        -0.285946,         0.209916,        -0.934971,         0.800759,        -0.483574,        -0.353469
2009-11-16T00:40:58.111,  85702689.012566, 119848992.948620,    696751.378586,   1985431.996640,   -680544.154915,   -699330.592557,         8.412899,        -2.931547,        -2.945578,   2205897.000000,        24.300000,       104.800000,         9.383350,        -0.526311,        -0.849769,        -0.029820,        -0.285940,         0.209908,        -0.934974,         0.800772,        -0.483560,        -0.353460
2009-11-16T00:41:30.111,  85701636.262531, 119849648.421480,    696845.614873,   1985701.209340,   -680637.964362,   -699424.851013,         8.412895,        -2.931544,        -2.945576,   2206197.000000,        24.300000,       104.700000,         9.383350,        -0.526295,        -0.849779,        -0.029823,        -0.285934,         0.209901,        -0.934978,         0.800785,        -0.483546,        -0.353450
2009-11-16T00:42:02.111,  85700583.508932, 119850303.889221,    696939.851103,   1985970.421902,   -680731.773714,   -699519.109415,         8.412890,        -2.931541,        -2.945574,   2206497.000000,        24.300000,       104.600000,         9.383340,        -0.526279,        -0.849789,        -0.029827,        -0.285927,         0.209894,        -0.934981,         0.800797,        -0.483533,        -0.353441
2009-11-16T00:42:34.111,  85699530.751767, 119850959.351844,    697034.087277,   1986239.634326,   -680825.582972,   -699613.367763,         8.412886,        -2.931538,        -2.945573,   2206797.000000,        24.300000,       104.400000,         9.383330,        -0.526263,        -0.849798,        -0.029831,        -0.285921,         0.209887,        -0.934985,         0.800810,        -0.483519,        -0.353431
2009-11-16T00:43:06.111,  85698477.991037, 119851614.809349,    697128.323395,   1986508.846612,   -680919.392136,   -699707.626058,         8.412882,        -2.931535,        -2.945571,   2207098.000000,        24.300000,       104.300000,         9.383330,        -0.526247,        -0.849808,        -0.029835,        -0.285915,         0.209879,        -0.934988,         0.800822,        -0.483505,        -0.353421
2009-11-16T00:43:38.111,  85697425.226741, 119852270.261736,    697222.559457,   1986778.058760,   -681013.201205,   -699801.884299,         8.412877,        -2.931532,        -2.945569,   2207398.000000,        24.300000,       104.200000,         9.383320,        -0.526231,        -0.849818,        -0.029838,        -0.285909,         0.209872,        -0.934992,         0.800835,        -0.483491,        -0.353412
2009-11-16T00:44:10.111,  85696372.458881, 119852925.709005,    697316.795462,   1987047.270770,   -681107.010180,   -699896.142487,         8.412873,        -2.931529,        -2.945568,   2207698.000000,        24.300000,       104.000000,         9.383320,        -0.526216,        -0.849827,        -0.029842,        -0.285903,         0.209865,        -0.934995,         0.800847,        -0.483477,        -0.353402
2009-11-16T00:44:42.111,  85695319.687453, 119853581.151156,    697411.031411,   1987316.482642,   -681200.819062,   -699990.400620,         8.412869,        -2.931526,        -2.945566,   2207999.000000,        24.300000,       103.900000,         9.383310,        -0.526200,        -0.849837,        -0.029846,        -0.285897,         0.209857,        -0.934999,         0.800860,        -0.483463,        -0.353392
2009-11-16T00:45:14.111,  85694266.912462, 119854236.588189,    697505.267303,   1987585.694376,   -681294.627848,   -700084.658700,         8.412865,        -2.931523,        -2.945564,   2208299.000000,        24.300000,       103.800000,         9.383310,        -0.526184,        -0.849847,        -0.029850,        -0.285891,         0.209850,        -0.935002,         0.800873,        -0.483450,        -0.353383
2009-11-16T00:45:46.111,  85693214.133906, 119854892.020103,    697599.503139,   1987854.905972,   -681388.436541,   -700178.916727,         8.412860,        -2.931520,        -2.945562,   2208599.000000,        24.300000,       103.600000,         9.383300,        -0.526168,        -0.849856,        -0.029853,        -0.285884,         0.209843,        -0.935006,         0.800885,        -0.483436,        -0.353373
2009-11-16T00:46:18.111,  85692161.351785, 119855547.446899,    697693.738919,   1988124.117431,   -681482.245139,   -700273.174699,         8.412856,        -2.931517,        -2.945561,   2208899.000000,        24.300000,       103.500000,         9.383300,        -0.526152,        -0.849866,        -0.029857,        -0.285878,         0.209835,        -0.935009,         0.800898,        -0.483422,        -0.353364
2009-11-16T00:46:50.111,  85691108.566098, 119856202.868577,    697787.974643,   1988393.328751,   -681576.053642,   -700367.432618,         8.412852,        -2.931514,        -2.945559,   2209200.000000,        24.300000,       103.400000,         9.383290,        -0.526137,        -0.849876,        -0.029861,        -0.285872,         0.209828,        -0.935013,         0.800910,        -0.483408,        -0.353354
2009-11-16T00:47:22.111,  85690055.776847, 119856858.285136,    697882.210310,   1988662.539934,   -681669.862052,   -700461.690483,         8.412847,        -2.931511,        -2.945557,   2209500.000000,        24.300000,       103.200000,         9.383290,        -0.526121,        -0.849885,        -0.029864,        -0.285866,         0.209821,        -0.935016,         0.800923,        -0.483395,        -0.353344
2009-11-16T00:47:54.111,  85689002.984031, 119857513.696577,    697976.445920,   1988931.750978,   -681763.670367,   -700555.948295,         8.412843,        -2.931508,        -2.945556,   2209800.000000,        24.300000,       103.100000,         9.383280,        -0.526105,        -0.849895,        -0.029868,        -0.285860,         0.209814,        -0.935020,         0.800935,        -0.483381,        -0.353335
2009-11-16T00:48:26.111,  85687950.187649, 119858169.102899,    698070.681475,   1989200.961885,   -681857.478588,   -700650.206052,         8.412839,        -2.931505,        -2.945554,   2210100.000000,        24.300000,       103.000000,         9.383280,        -0.526089,        -0.849905,        -0.029872,        -0.285854,         0.209806,        -0.935024,         0.800948,        -0.483367,        -0.353325
2009-11-16T00:48:58.111,  85686897.387702, 119858824.504103,    698164.916973,   1989470.172654,   -681951.286715,   -700744.463757,         8.412834,        -2.931502,        -2.945552,   2210401.000000,        24.300000,       102.800000,         9.383270,        -0.526074,        -0.849914,        -0.029875,        -0.285848,         0.209799,        -0.935027,         0.800961,        -0.483353,        -0.353316
2009-11-16T00:49:30.111,  85685844.584189, 119859479.900190,    698259.152415,   1989739.383286,   -682045.094747,   -700838.721407,         8.412830,        -2.931500,        -2.945551,   2210701.000000,        24.300000,       102.700000,         9.383270,        -0.526058,        -0.849924,        -0.029879,        -0.285841,         0.209792,        -0.935031,         0.800973,        -0.483339,        -0.353306
2009-11-16T00:50:02.111,  85684791.777112, 119860135.291158,    698353.387800,   1990008.593780,   -682138.902685,   -700932.979004,         8.412826,        -2.931497,        -2.945549,   2211001.000000,        24.300000,       102.600000,         9.383260,        -0.526042,        -0.849933,        -0.029883,        -0.285835,         0.209784,        -0.935034,         0.800986,        -0.483326,        -0.353296
2009-11-16T00:50:34.111,  85683738.966471, 119860790.677006,    698447.623129,   1990277.804136,   -682232.710529,   -701027.236547,         8.412821,        -2.931494,        -2.945547,   2211301.000000,        24.300000,       102.400000,         9.383250,        -0.526026,        -0.849943,        -0.029886,        -0.285829,         0.209777,        -0.935038,         0.800998,        -0.483312,        -0.353287
